93 3036
9 51
89 44 611
15 44 527
20 89 373
54 89 701
62 20 125
25 54 789
53 15 251
67 25 903
29 25 268
51 44 601
92 67 282
76 67 829
48 25 9
38 53 36
70 67 571
32 62 282
82 62 414
75 25 57
34 38 23
91 53 385
57 51 416
23 34 785
5 62 222
27 44 628
61 32 844
39 57 76
74 34 212
93 20 379
69 32 887
45 44 203
17 15 758
46 57 672
36 5 57
73 23 874
47 48 189
31 70 46
64 38 43
88 69 330
84 15 618
35 69 760
68 15 223
60 75 564
59 64 607
7 31 980
24 45 318
22 35 433
12 31 529
86 27 132
87 46 571
10 47 282
11 39 369
6 31 397
33 59 195
43 25 625
16 60 927
77 43 764
81 6 152
3 6 500
78 36 194
71 73 134
9 47 72
21 32 141
42 46 928
4 48 97
80 54 539
2 60 736
55 32 681
90 61 743
50 27 359
13 2 81
58 16 336
30 32 9
28 68 295
52 22 175
65 39 848
63 11 77
85 90 378
14 47 196
18 60 544
26 54 311
56 16 535
49 38 513
66 70 178
41 13 582
1 3 852
72 5 277
19 59 841
37 47 49
8 25 51
83 88 11
79 88 19
40 39 643
2 47 248
71 72 664
48 1 634
74 19 307
76 77 441
14 38 324
49 33 875
14 87 414
7 58 252
77 6 21
37 72 479
52 45 629
36 43 88
67 18 627
20 15 919
11 44 474
71 39 970
9 53 87
13 17 281
36 39 744
19 9 212
88 22 793
4 44 803
46 44 629
3 34 108
69 63 370
65 62 180
6 60 227
20 46 831
51 84 325
24 57 356
78 44 631
64 26 430
88 80 287
55 80 523
64 47 150
71 27 458
66 50 254
52 53 244
6 26 963
40 14 49
29 84 898
27 47 835
57 48 19
57 80 894
71 20 302
72 79 236
69 72 225
21 69 365
65 19 929
81 92 16
36 49 448
34 66 103
70 16 415
72 15 908
2 52 379
40 29 800
53 56 208
82 56 522
91 33 569
43 78 133
54 32 470
6 27 605
73 50 759
62 16 830
86 44 884
92 47 101
27 69 413
16 10 722
41 45 389
89 75 421
67 35 943
71 80 796
50 20 628
83 62 938
57 48 333
68 88 473
1 76 573
76 41 120
71 28 920
12 58 202
13 33 887
74 33 382
26 69 851
16 89 342
1 50 656
72 62 677
88 13 615
66 65 916
2 49 129
82 84 213
30 34 899
3 10 898
76 67 130
89 90 219
19 63 116
25 89 779
17 15 390
60 46 251
25 72 450
41 67 938
92 66 396
76 86 284
88 32 171
23 82 663
9 50 517
28 76 379
14 9 263
64 89 198
18 62 536
55 85 208
11 92 721
33 55 889
13 23 839
92 57 915
63 37 399
39 2 77
18 69 44
52 46 324
89 68 87
55 78 793
25 42 833
43 66 941
30 79 534
72 1 374
13 29 212
49 73 640
28 23 227
11 38 78
62 74 499
52 33 110
64 84 338
50 43 281
27 44 794
84 69 796
23 43 361
8 29 972
20 87 912
10 39 897
63 23 169
35 89 581
33 38 199
55 81 995
80 38 996
25 92 866
63 30 369
62 93 524
23 57 22
8 37 13
51 30 462
50 85 930
63 50 415
85 80 74
76 3 329
23 10 517
33 25 876
52 10 667
47 13 345
33 66 105
69 59 947
78 88 194
65 28 14
76 10 965
44 79 238
15 9 852
87 85 972
87 50 954
51 31 899
34 85 357
26 75 262
7 63 781
57 56 266
66 88 816
36 90 638
92 80 906
66 15 385
92 33 990
91 5 759
67 51 445
81 29 950
14 55 155
78 63 500
83 3 678
79 18 218
6 88 987
42 26 144
79 88 181
46 81 648
35 3 52
64 35 603
23 47 540
2 86 482
74 22 831
28 84 743
44 50 453
1 90 429
50 24 587
53 91 719
21 77 895
52 68 412
53 85 116
85 68 447
52 44 489
48 92 334
72 2 28
55 27 448
4 44 782
30 70 943
18 4 501
77 64 232
90 2 680
81 42 246
51 34 950
56 48 597
48 78 861
14 70 127
66 87 308
17 71 627
76 85 316
50 38 768
30 59 826
48 85 503
47 56 940
24 5 783
82 26 565
73 80 254
65 54 590
7 67 860
48 60 43
79 49 527
84 24 580
6 87 851
64 13 633
2 68 59
85 83 400
14 84 464
17 71 8
49 51 37
80 63 468
26 64 760
35 92 216
92 52 855
85 30 163
71 1 63
36 88 419
81 68 716
24 14 685
26 40 617
41 46 57
30 39 756
49 61 998
58 8 974
15 83 159
45 68 61
17 16 136
46 78 847
74 61 206
61 62 50
88 11 525
4 67 243
44 26 213
35 55 58
23 83 482
75 72 859
81 44 728
58 22 105
5 56 303
74 25 560
88 93 687
54 79 449
12 90 699
5 18 530
48 24 370
72 60 672
68 24 479
78 75 909
20 23 199
10 56 614
21 85 373
45 10 649
91 18 383
82 90 528
46 60 285
80 1 234
30 63 742
46 65 585
70 79 743
36 76 985
18 50 892
67 55 721
49 21 964
41 19 749
83 86 685
38 89 50
16 82 639
63 30 915
3 30 898
2 15 272
57 60 132
72 88 615
44 66 804
76 30 330
91 3 266
19 5 265
68 32 152
40 14 965
6 29 895
23 43 693
68 42 482
68 57 22
25 74 791
48 87 942
18 75 542
3 43 238
1 67 994
17 30 129
45 90 83
61 86 634
7 81 350
60 17 853
37 32 889
57 30 983
73 22 225
36 23 983
17 68 87
49 51 766
35 9 681
51 61 702
56 52 623
39 88 884
86 81 965
61 13 994
7 6 575
63 43 858
30 79 599
68 11 56
73 5 962
44 59 966
56 14 221
72 48 86
4 16 452
46 67 843
72 14 463
79 69 813
38 33 739
38 16 270
83 84 409
67 47 854
39 87 755
56 49 96
71 38 634
12 14 647
52 28 722
38 79 95
87 48 524
1 9 711
19 89 844
89 59 70
18 26 377
9 29 455
58 10 417
35 31 802
59 8 690
9 53 359
57 15 370
74 44 222
8 38 714
40 28 729
73 75 192
32 75 701
48 16 462
62 69 862
9 24 651
73 10 771
83 38 305
65 1 178
68 34 384
6 41 109
90 58 80
16 18 231
24 69 347
69 89 281
57 8 691
65 26 551
28 58 864
47 70 683
6 11 964
61 62 333
60 10 762
81 56 457
48 41 153
23 64 915
27 72 7
75 46 330
20 6 141
76 53 542
71 23 434
48 55 647
56 27 871
51 10 248
69 2 978
84 92 585
46 89 463
8 51 565
24 10 210
50 52 228
73 72 968
52 85 51
83 81 140
53 80 644
31 82 157
39 42 192
34 49 904
78 52 153
45 25 649
91 1 916
92 80 324
8 41 660
56 34 546
68 16 392
41 56 610
7 84 986
12 68 634
60 65 642
43 20 831
72 81 285
1 37 519
43 77 41
27 26 137
30 55 839
20 4 744
8 75 615
59 68 204
29 28 354
32 52 382
40 93 262
36 74 595
76 45 179
55 35 784
90 69 482
53 45 694
71 9 613
22 75 628
19 56 332
82 8 859
42 23 691
20 90 783
90 80 919
48 10 872
59 35 113
43 69 376
56 19 625
60 83 872
22 23 199
17 88 649
35 37 173
18 87 478
24 21 754
39 82 52
27 36 864
57 15 944
64 59 63
17 7 151
48 3 1000
36 3 667
56 41 174
68 61 43
90 36 853
35 44 158
70 43 591
38 46 464
73 93 169
6 45 859
57 42 925
44 13 93
22 66 977
56 55 513
50 93 391
4 68 473
17 42 833
74 85 349
30 41 966
85 14 720
64 5 485
33 40 294
26 78 82
5 19 172
90 77 13
18 56 683
19 50 763
57 44 360
86 30 511
46 14 431
16 50 112
55 22 486
69 42 194
30 47 186
28 29 498
39 53 617
19 26 921
78 18 884
75 21 57
35 11 124
26 5 412
44 18 456
89 55 667
29 68 265
35 80 687
53 37 428
50 68 862
78 34 542
40 51 318
38 32 874
41 44 542
46 14 206
54 82 196
22 21 429
60 57 586
27 60 35
70 66 784
16 36 943
62 14 624
55 17 928
88 45 800
14 44 547
67 93 297
70 7 414
81 88 609
36 9 317
55 59 761
22 84 579
72 15 304
48 39 695
32 38 535
56 17 690
69 16 850
18 29 63
37 42 165
27 34 878
51 8 973
21 80 989
11 58 381
14 66 996
84 82 444
2 28 803
89 64 659
48 54 701
84 46 197
38 90 356
11 1 581
60 52 253
67 46 449
42 51 282
35 72 21
28 17 374
6 31 427
63 48 350
72 68 124
65 8 946
67 83 187
50 79 110
56 92 594
90 55 446
83 55 335
68 71 583
27 45 486
56 73 508
35 66 72
7 24 40
33 31 754
26 1 166
12 53 822
34 67 673
90 53 923
48 59 805
63 40 261
52 43 423
48 5 170
22 60 704
5 86 218
71 48 63
7 19 633
64 53 970
72 36 610
5 89 402
12 27 939
52 18 77
56 42 467
59 10 210
85 75 33
18 49 749
93 50 358
7 42 293
45 71 132
90 72 26
11 49 196
64 57 590
8 3 307
26 66 317
13 61 685
56 35 959
29 34 328
40 45 917
7 25 397
33 19 271
90 44 389
58 39 861
92 40 308
35 46 697
15 36 758
12 44 799
68 5 157
6 16 436
69 70 234
4 91 516
60 11 608
62 13 741
41 43 921
44 16 439
52 15 848
75 49 867
92 57 129
72 32 409
74 10 295
93 17 63
17 79 339
20 77 884
87 1 448
34 49 857
40 54 60
31 76 777
79 81 506
61 1 859
73 84 557
13 18 672
35 49 654
65 2 412
22 23 618
51 4 180
81 3 662
71 32 59
90 32 931
57 63 795
24 43 503
87 3 138
86 18 750
73 78 614
48 5 7
29 54 942
48 16 815
69 56 145
2 73 683
79 37 927
64 41 642
83 5 329
54 60 726
7 24 254
87 52 712
18 47 309
73 60 819
21 82 350
9 22 494
75 36 320
2 8 834
6 4 549
83 6 466
29 56 118
67 41 791
93 41 721
51 13 118
87 74 331
70 38 983
50 39 378
53 68 171
31 86 770
62 76 757
13 27 431
93 38 645
45 33 376
60 67 664
74 58 7
62 30 523
24 41 135
14 64 100
25 5 922
76 83 801
70 47 770
29 60 880
40 6 999
59 19 560
41 56 131
43 20 885
49 83 606
69 47 730
28 17 838
7 13 613
79 36 337
71 43 761
23 62 535
60 72 966
10 42 67
42 2 474
53 70 77
89 90 975
24 4 403
42 70 187
31 62 189
38 92 219
55 5 380
82 17 722
46 91 842
14 85 330
15 11 670
4 72 350
59 76 740
82 76 844
44 74 690
49 27 206
92 33 274
35 34 897
73 91 529
14 16 478
75 61 811
51 27 178
60 44 311
25 12 430
18 68 326
40 33 47
73 14 173
91 79 36
51 9 667
69 7 45
66 35 167
61 81 513
8 16 461
63 75 96
53 37 930
68 19 243
81 36 574
40 86 278
70 1 125
18 72 571
12 60 532
30 28 583
82 65 948
22 21 33
46 18 903
35 90 131
50 93 894
7 52 747
30 24 198
55 16 442
85 42 624
21 14 696
11 3 680
62 26 786
59 78 947
93 52 994
54 49 447
70 73 691
79 65 247
16 33 274
38 34 17
85 2 948
20 79 359
71 76 522
93 81 667
24 51 936
42 80 944
3 27 769
32 65 688
12 91 378
72 39 121
33 53 213
38 81 892
90 11 494
50 90 393
62 27 562
42 77 916
34 74 291
47 89 861
93 32 622
87 36 416
59 85 489
31 39 887
79 55 673
67 79 716
27 7 737
39 56 255
12 1 659
37 4 766
57 84 918
78 49 159
36 12 451
40 52 623
53 44 694
79 38 133
15 88 847
55 65 360
70 68 673
88 74 166
83 28 798
82 84 419
35 43 755
50 32 965
49 76 228
15 9 385
87 73 768
47 12 296
38 49 771
40 46 771
88 46 681
37 33 445
44 80 473
12 66 966
74 3 870
49 69 212
48 7 251
63 12 989
40 47 532
78 62 323
26 89 562
92 80 898
3 89 443
58 86 97
35 3 793
19 73 798
22 76 731
70 88 230
7 78 285
87 84 858
44 68 462
6 29 421
58 54 146
58 13 11
29 36 52
93 69 742
74 69 580
4 43 462
40 20 478
19 63 305
78 63 298
83 62 336
53 77 135
52 36 804
47 10 60
89 69 724
33 26 575
91 2 799
43 11 760
19 27 851
80 66 191
90 40 250
28 67 225
67 70 355
43 47 821
74 10 430
38 86 0
76 18 642
23 63 427
23 39 201
16 1 695
93 42 491
12 87 148
3 26 663
68 19 658
16 49 349
93 46 732
44 32 766
56 5 69
22 36 885
68 51 841
11 40 309
20 24 264
69 87 713
27 76 104
88 74 206
57 31 219
2 62 142
89 31 212
63 73 783
66 13 321
16 19 13
89 73 908
34 77 552
18 87 602
42 90 288
20 6 203
41 25 266
47 31 882
62 35 874
79 29 134
64 49 680
17 4 681
43 65 53
37 67 884
82 78 588
27 81 344
12 28 856
47 4 990
89 73 661
11 75 826
29 84 855
92 19 635
78 83 846
35 25 300
67 72 238
3 86 520
21 56 351
3 25 789
56 77 797
38 17 487
38 66 539
89 64 237
54 85 653
57 68 946
61 27 464
87 88 346
41 56 122
41 42 523
1 21 675
76 71 964
50 57 493
13 10 330
26 6 945
41 23 667
22 15 485
78 93 49
31 79 353
89 45 531
85 65 155
22 53 575
79 67 326
13 27 272
73 55 901
9 92 296
82 62 22
42 2 19
91 85 987
70 52 182
49 16 409
8 90 469
12 90 791
48 17 322
76 33 139
26 77 936
12 88 12
33 49 613
87 28 531
81 43 617
40 3 916
67 1 693
89 14 874
59 13 648
43 41 277
42 37 504
29 54 224
21 68 214
22 79 128
21 72 833
62 56 162
18 70 28
4 82 282
15 63 882
90 59 994
77 33 759
4 14 959
87 8 894
26 79 858
11 5 341
17 25 186
59 11 686
74 56 777
6 19 669
66 13 88
20 14 753
4 75 762
40 21 265
52 41 281
76 46 571
86 45 21
14 92 63
40 26 585
69 4 598
60 85 631
44 23 239
10 19 112
47 60 150
83 22 7
30 32 274
81 39 616
82 58 110
26 29 232
3 28 745
65 22 554
12 35 649
83 42 528
52 83 351
10 51 484
20 85 587
77 56 574
84 80 530
31 61 208
48 21 630
39 54 408
55 43 515
50 64 285
93 34 630
16 13 445
46 26 532
66 24 587
78 11 404
92 61 872
83 13 145
75 68 642
8 30 625
76 11 746
5 70 135
88 41 784
2 40 73
35 13 915
31 61 139
53 63 390
84 29 340
6 36 951
63 71 549
11 65 465
35 66 379
44 74 705
45 24 337
81 36 747
18 2 698
9 18 376
12 68 787
47 10 168
51 12 764
4 42 68
42 89 631
74 21 727
68 3 745
9 44 522
10 30 702
31 51 413
83 18 308
54 12 705
36 32 791
83 69 286
13 80 933
10 32 316
50 26 555
2 92 303
47 81 774
13 55 851
70 82 766
43 64 715
27 15 477
79 80 45
53 7 496
73 37 229
29 64 657
22 85 211
44 74 160
44 36 380
25 79 89
33 52 114
82 43 181
58 19 925
78 36 681
39 4 15
69 18 513
57 87 358
77 3 842
22 85 365
81 59 44
86 83 404
39 62 361
58 19 661
79 55 961
51 89 630
7 81 166
34 66 339
62 76 157
23 20 943
39 89 831
47 77 211
6 21 635
11 47 629
10 89 86
21 54 460
34 74 16
7 81 876
3 56 906
48 2 704
89 88 842
58 91 618
63 89 79
62 8 275
16 61 994
54 47 346
76 93 830
61 27 149
59 21 371
19 6 900
48 35 647
42 33 874
82 16 930
29 39 461
54 23 522
56 74 512
88 72 564
92 86 396
45 35 634
87 78 230
15 64 274
16 47 353
68 21 280
81 8 253
84 16 48
79 26 860
49 80 347
85 53 428
30 93 648
70 68 485
66 55 971
47 56 487
47 53 759
24 19 613
1 17 264
60 74 920
43 90 559
73 24 317
20 72 742
83 24 558
71 59 183
8 59 150
4 7 552
7 56 219
5 75 503
17 50 708
50 16 667
11 37 53
59 5 710
44 22 810
82 61 173
54 23 164
89 11 392
69 87 190
56 26 973
66 26 588
58 44 766
5 26 928
48 50 722
59 70 479
27 89 319
7 53 750
43 61 1000
24 68 726
52 37 387
72 15 562
39 15 445
78 63 368
43 4 230
69 32 18
5 39 507
60 67 897
27 46 544
45 60 574
66 91 265
73 42 174
44 50 131
15 49 237
78 6 929
3 43 974
79 38 363
76 7 59
44 49 987
46 52 567
35 24 628
92 24 169
23 55 64
17 67 156
57 2 167
22 45 880
73 12 27
85 33 916
63 30 576
31 47 977
74 12 262
17 58 275
15 61 351
92 9 279
74 27 74
54 21 189
47 37 660
53 90 46
51 75 877
21 72 60
86 20 665
23 58 539
73 46 679
12 49 397
72 38 108
30 15 858
34 14 991
36 42 357
38 30 215
42 75 368
61 4 153
33 54 376
43 85 782
62 34 457
74 34 703
12 45 440
82 91 727
78 11 471
70 84 613
23 21 507
81 16 808
26 77 33
59 6 975
78 83 561
76 45 253
91 10 603
15 93 57
91 59 213
53 91 848
56 8 56
36 9 104
48 10 498
82 3 35
27 38 313
49 43 333
11 90 710
41 79 920
41 26 294
76 27 546
86 6 763
44 76 991
35 89 716
44 32 135
5 84 843
46 48 114
32 24 667
76 3 515
5 85 126
18 68 483
52 2 480
17 54 943
83 67 540
14 53 600
70 22 713
71 10 781
42 69 8
6 13 467
33 48 656
19 46 676
32 54 372
80 69 522
85 64 830
69 63 722
93 68 135
34 12 208
21 15 455
54 31 538
88 21 831
44 41 615
87 34 698
59 2 238
25 59 864
46 81 413
64 54 141
42 30 843
9 57 901
42 88 124
26 8 238
75 47 411
75 92 642
27 4 901
21 39 262
15 66 851
42 64 4
53 5 13
7 6 1000
19 25 226
38 15 309
15 65 447
81 85 23
92 77 300
81 15 816
21 32 263
20 54 703
88 22 512
67 20 51
21 15 696
14 17 624
70 46 138
16 5 985
34 60 141
8 27 199
77 73 430
82 80 453
14 44 416
21 59 738
22 36 600
70 79 442
48 58 444
46 12 149
39 83 666
16 63 999
21 59 137
33 24 531
32 76 612
68 41 757
34 23 499
64 28 338
92 76 975
25 15 254
20 45 555
71 23 224
41 37 266
2 54 298
90 46 432
65 7 481
12 81 180
21 58 443
28 63 144
87 3 299
21 57 76
66 7 837
65 50 296
87 56 249
44 93 34
2 30 605
55 17 601
92 25 528
13 84 28
33 4 27
40 83 826
43 62 955
67 9 150
76 73 876
21 92 634
2 75 532
45 24 73
34 5 760
69 87 455
12 86 459
62 63 528
47 27 393
51 38 735
39 90 641
5 52 51
75 6 903
21 8 321
55 14 40
9 48 726
37 84 243
34 49 744
93 34 904
35 58 677
68 77 785
45 79 513
28 47 783
51 57 349
72 47 701
55 84 56
39 73 904
60 43 562
44 50 746
31 6 373
10 78 317
9 40 247
20 83 234
82 39 840
42 30 611
41 27 194
30 47 412
64 46 380
39 19 339
66 41 202
52 8 592
34 23 653
14 53 130
88 34 564
86 48 913
66 34 137
26 7 748
67 64 55
36 18 629
70 41 418
67 48 382
78 56 916
26 33 440
79 55 39
10 18 881
23 79 152
44 57 504
5 69 405
76 33 468
83 33 530
75 55 614
64 13 105
8 81 592
53 21 978
73 39 367
49 79 10
92 65 958
34 49 327
27 64 848
12 58 911
25 88 22
78 68 310
23 56 481
31 74 399
80 21 961
64 18 936
88 53 552
22 35 90
71 38 710
1 69 355
36 89 738
84 85 618
71 30 250
34 17 69
33 14 431
18 89 445
46 24 967
81 41 372
13 44 454
91 53 176
62 18 142
68 38 716
36 13 916
69 77 384
86 83 71
70 68 128
32 15 596
62 84 436
21 72 671
8 20 943
62 44 274
72 14 75
54 56 624
19 81 433
86 48 860
18 62 530
46 26 699
17 60 30
62 65 338
20 76 410
40 79 474
89 18 150
20 84 769
69 23 387
93 14 141
81 54 530
34 48 352
77 82 374
57 37 263
31 62 882
37 72 898
30 14 823
25 20 872
26 39 215
38 10 691
47 56 288
36 3 242
48 11 708
57 31 69
26 74 749
17 28 160
59 83 64
13 78 189
49 47 2
58 46 827
57 85 998
5 23 402
7 74 634
40 16 209
25 83 319
6 91 626
91 27 59
38 17 919
25 56 237
58 54 319
88 61 735
3 92 615
52 12 898
93 59 149
90 2 531
41 12 86
80 39 190
17 91 799
40 72 260
51 61 765
2 92 956
23 72 994
21 35 981
68 34 391
89 34 636
4 35 836
78 59 527
1 68 335
67 53 951
78 91 361
83 55 544
38 93 549
76 38 195
25 86 460
7 21 570
51 17 283
67 63 603
7 19 524
63 15 605
20 34 29
90 2 572
23 13 796
47 67 554
17 24 151
46 27 99
49 68 759
91 62 14
92 48 46
1 34 809
27 6 362
27 89 745
30 92 253
87 38 970
75 72 759
11 34 701
34 6 125
41 38 575
63 52 753
56 21 699
1 45 972
59 40 587
2 45 441
27 13 357
40 73 746
53 28 660
48 7 915
41 22 660
25 1 463
80 76 899
56 65 878
4 20 358
29 76 487
85 50 775
92 46 524
48 55 922
85 1 785
7 63 295
24 79 658
66 72 689
89 64 190
64 4 395
79 75 508
46 34 478
23 61 946
10 23 597
74 20 618
6 36 432
32 76 897
69 65 551
84 13 294
86 90 709
74 77 637
68 73 239
45 63 918
24 52 279
35 69 327
93 87 807
24 40 710
26 58 22
13 70 428
26 31 922
66 69 653
56 75 63
31 9 138
91 90 522
37 52 578
28 62 194
50 13 544
66 72 471
2 46 931
93 27 639
5 21 537
41 67 147
64 50 393
87 86 546
70 83 464
53 87 549
13 22 69
71 88 327
92 55 871
40 69 233
46 68 832
34 6 505
45 28 370
32 4 344
43 35 539
21 61 807
70 10 341
93 73 319
19 14 853
21 32 811
38 40 835
47 44 651
80 1 739
79 13 946
64 55 423
24 7 634
57 91 603
62 11 258
77 28 90
35 49 663
86 68 476
26 25 188
33 47 851
18 37 294
77 9 243
68 85 62
15 12 313
44 48 737
8 6 217
32 45 711
12 66 105
68 82 659
89 20 644
67 8 838
82 78 167
63 85 671
63 15 33
2 3 618
68 57 823
67 16 946
29 66 914
33 19 695
69 12 775
54 8 917
12 56 501
83 41 20
83 70 523
37 56 570
44 49 872
81 44 80
41 84 709
17 28 574
11 19 153
84 17 944
91 64 402
8 70 732
33 39 489
5 44 448
28 55 617
84 82 460
82 88 979
80 88 322
4 28 312
44 34 147
84 30 491
88 31 680
64 84 665
5 49 348
7 43 590
52 26 361
28 80 880
20 25 392
22 4 867
23 68 784
10 26 430
91 17 197
56 43 838
87 45 909
1 92 235
24 31 980
4 7 18
3 18 342
34 8 93
86 10 372
88 77 72
1 36 752
29 89 946
49 82 45
2 84 431
47 56 166
13 40 866
14 34 837
10 80 158
41 43 679
62 54 753
11 21 323
18 44 52
55 49 699
13 54 70
62 9 402
81 54 502
26 28 748
44 45 293
2 49 189
70 65 813
63 42 677
39 75 281
47 26 317
77 93 896
82 1 963
22 50 857
21 5 175
6 21 78
18 16 909
80 3 1
39 22 736
42 17 783
51 14 107
18 12 524
9 93 673
77 7 601
48 70 773
86 13 919
63 25 748
14 21 772
27 88 182
32 12 854
68 27 598
85 50 733
69 7 747
61 49 340
67 2 642
16 18 392
37 27 630
57 12 979
80 5 669
39 37 331
10 6 464
52 21 940
93 86 447
48 83 242
70 28 945
10 37 221
18 62 198
17 42 144
90 49 120
80 18 525
62 83 718
64 60 740
30 10 678
58 26 467
80 88 947
79 37 78
79 74 839
79 44 936
7 54 330
25 23 469
75 44 967
63 12 645
41 58 239
7 2 385
89 67 280
50 15 729
6 60 778
6 43 690
26 65 794
81 85 157
3 36 124
78 70 694
9 68 659
82 55 282
78 54 69
4 62 745
87 22 707
48 62 337
51 88 76
51 73 935
57 56 900
60 59 933
33 68 356
81 12 493
39 25 667
72 71 995
27 79 69
49 35 668
44 3 360
4 39 258
93 76 70
26 5 893
38 51 333
93 11 441
55 30 789
7 9 333
27 14 116
86 92 874
34 75 798
1 84 887
67 32 987
65 60 696
46 39 773
39 82 299
9 40 609
47 69 689
56 4 483
21 23 171
78 56 786
78 73 840
74 65 189
21 92 87
51 63 957
6 53 420
69 28 333
59 77 263
80 10 195
89 67 252
16 38 835
84 14 809
66 37 997
64 93 649
67 7 950
83 46 452
76 1 318
22 92 421
61 52 363
59 57 841
93 74 725
6 15 689
74 45 352
44 91 50
27 66 556
64 74 38
6 26 263
58 66 977
41 20 369
30 21 43
30 47 145
27 24 799
17 77 187
88 41 312
4 50 210
91 63 19
64 1 960
21 13 67
85 56 941
74 46 354
6 48 159
51 23 724
46 89 21
3 23 851
28 85 844
5 28 51
62 28 376
12 33 762
38 47 46
17 14 254
3 32 457
82 54 347
43 30 35
13 3 229
45 61 570
60 90 756
13 93 339
6 82 632
22 67 839
67 58 911
32 64 420
19 45 292
79 70 832
69 70 81
53 26 140
69 33 626
67 38 227
42 40 276
82 4 969
1 72 809
3 81 981
64 22 694
48 51 103
39 80 420
51 69 951
41 79 172
77 81 88
10 6 314
12 67 301
57 32 642
54 25 676
27 14 541
77 90 338
35 71 783
12 75 173
23 82 653
14 66 22
56 10 711
66 39 911
7 5 663
83 47 27
17 64 598
84 33 808
83 36 19
82 16 445
34 65 65
65 52 656
36 74 339
39 31 797
65 12 998
11 15 236
8 65 10
21 4 4
52 83 133
90 78 496
37 49 190
30 72 642
93 81 343
58 57 962
31 86 843
4 6 643
45 75 906
60 48 340
4 2 227
65 64 859
79 13 424
89 66 982
19 56 741
6 13 54
81 11 850
79 30 188
4 89 812
39 26 513
6 88 525
74 76 46
37 41 988
66 11 920
26 86 335
21 11 254
9 4 491
16 35 231
63 60 55
41 64 545
31 48 636
37 77 924
60 29 269
55 57 775
77 35 488
75 1 323
15 8 334
11 46 5
89 8 544
54 18 905
74 66 636
82 80 252
31 93 786
10 42 291
92 79 341
75 92 643
49 26 590
1 78 530
36 12 911
84 93 982
74 90 915
57 48 192
44 82 211
92 35 505
65 52 718
49 78 159
44 31 784
5 76 2
81 69 514
63 33 949
83 71 503
20 72 796
77 17 776
75 70 966
26 45 901
73 27 16
38 24 487
80 49 278
35 71 281
88 78 678
71 48 155
83 52 192
40 61 154
6 78 586
74 2 944
32 78 863
37 89 568
18 5 718
50 9 550
93 92 777
16 92 552
89 64 639
20 10 480
31 82 996
46 81 203
41 6 197
32 71 371
42 52 999
67 87 162
26 35 569
47 65 520
60 70 955
10 71 359
59 48 759
33 21 871
16 78 47
55 67 857
65 76 875
12 64 473
28 61 233
7 65 133
84 63 544
87 35 506
72 1 650
28 45 954
24 71 387
74 90 645
91 93 842
88 23 461
79 11 284
50 26 44
10 62 580
21 60 318
93 14 896
73 18 910
26 12 465
10 9 197
44 93 123
1 14 233
43 78 528
67 46 896
48 25 767
93 35 114
32 89 531
21 66 119
70 49 706
4 1 768
72 79 949
20 40 367
77 72 182
77 84 560
79 28 52
79 31 971
34 76 840
32 59 61
4 26 419
87 17 185
65 55 97
24 31 578
52 23 128
85 9 599
6 28 805
74 29 93
32 40 405
58 30 550
25 47 981
42 43 129
40 88 87
63 48 392
7 51 411
58 17 423
91 13 270
90 24 623
64 49 101
26 83 161
14 43 313
32 31 596
82 42 491
76 35 158
20 51 760
42 30 369
90 2 310
65 17 120
66 49 903
40 34 726
10 77 666
26 44 954
78 66 723
23 3 596
90 86 510
90 15 699
36 21 141
19 4 643
20 87 238
41 66 578
84 4 928
89 61 268
39 74 273
52 63 869
64 70 551
33 48 339
84 13 333
75 67 711
10 66 158
81 18 348
7 34 150
42 9 67
27 45 955
90 28 535
72 93 359
27 54 648
33 1 705
23 5 393
50 75 735
14 93 743
61 39 304
45 50 136
89 46 257
83 4 511
3 52 818
13 8 642
20 43 470
86 56 562
11 46 406
14 37 105
44 66 299
36 62 320
24 42 650
62 70 620
70 47 416
44 75 441
38 45 840
68 13 813
76 60 414
11 92 520
29 41 505
31 39 949
43 18 970
66 39 225
43 47 354
77 2 981
51 67 921
19 75 306
54 38 62
20 41 816
11 81 292
84 43 460
63 89 410
11 74 480
1 78 482
78 14 26
93 16 595
25 83 402
58 32 964
58 48 320
65 23 523
40 73 131
56 58 918
45 88 146
90 62 518
28 69 741
26 47 618
61 50 457
16 32 619
28 29 546
58 22 457
14 39 417
84 38 318
87 76 596
76 13 94
60 27 263
2 92 615
7 48 643
84 93 738
75 43 765
50 68 233
93 1 966
3 31 997
42 90 344
22 52 701
51 58 815
10 41 179
92 15 375
80 10 418
34 55 415
28 59 973
16 89 582
18 70 99
53 69 953
13 73 967
26 24 499
25 34 813
59 20 504
92 25 980
30 21 527
29 50 797
65 25 64
74 83 340
5 3 256
77 45 430
36 2 617
28 2 811
86 52 763
92 20 961
17 75 424
26 13 290
7 54 885
19 23 261
4 2 258
84 66 395
58 6 278
36 72 446
32 58 157
54 80 809
5 65 451
27 75 42
92 76 869
69 63 164
53 56 242
43 14 182
88 58 843
20 43 251
36 50 380
88 56 398
10 37 900
51 33 38
20 83 183
45 62 323
86 91 868
54 86 794
23 37 258
88 71 468
35 3 834
31 72 821
81 13 1000
70 63 605
13 62 211
93 67 225
27 6 263
60 10 231
14 72 595
58 21 636
72 86 857
15 31 215
36 12 68
67 40 298
41 5 746
79 31 626
20 75 150
3 18 902
24 13 322
57 85 779
23 13 991
83 13 755
11 1 261
47 75 435
62 44 318
36 82 207
3 88 64
3 76 265
37 65 489
37 85 551
17 37 733
33 75 221
74 15 171
57 66 463
76 52 440
90 82 159
71 24 4
57 24 386
20 37 873
38 91 462
4 77 775
84 40 911
1 12 582
22 51 823
86 72 636
54 39 113
92 87 582
90 93 134
36 62 120
10 63 40
69 65 492
65 76 777
70 33 26
89 18 662
65 92 297
47 51 505
92 51 278
91 64 257
30 16 785
56 85 49
17 36 549
53 88 417
59 6 839
77 54 961
92 55 143
90 47 189
63 88 699
9 34 646
84 15 632
66 85 867
40 87 141
89 10 979
20 34 973
44 1 388
18 66 612
37 89 603
23 24 393
18 27 835
13 77 614
12 24 819
11 9 487
47 35 499
89 79 592
91 61 377
65 45 364
34 53 103
90 58 526
68 42 531
89 31 953
27 70 674
60 19 946
78 55 29
5 91 624
23 37 161
2 10 283
60 18 300
26 24 727
2 15 659
20 29 12
11 76 651
41 3 650
88 35 91
79 18 528
65 89 376
66 12 112
22 90 192
50 58 48
15 89 191
87 42 901
22 58 155
55 65 336
69 18 599
73 86 824
87 9 208
73 66 196
10 35 553
83 85 172
71 91 123
53 82 559
45 15 42
75 88 433
71 93 481
18 62 412
42 92 124
64 32 784
86 3 136
24 38 346
58 68 992
73 15 87
81 93 810
80 93 296
67 72 323
16 4 108
84 68 396
50 21 534
81 3 442
64 84 983
47 17 928
25 13 463
70 38 524
74 17 532
33 7 411
76 25 81
68 52 852
79 93 355
51 87 53
78 11 353
43 42 366
72 89 912
66 87 819
32 46 316
90 92 823
22 18 203
90 60 925
16 43 464
50 5 549
4 51 651
37 71 134
39 24 413
47 30 246
92 31 308
41 81 1
64 23 936
27 93 848
14 89 345
79 48 229
70 14 293
88 44 898
36 81 762
71 13 741
56 75 901
11 69 96
83 74 158
76 39 527
77 72 756
85 78 358
50 23 966
61 84 194
69 46 51
42 82 651
64 47 798
74 29 462
90 92 87
54 56 795
37 59 929
28 12 996
48 77 646
20 28 81
31 20 342
39 20 4
70 11 178
80 8 677
17 20 69
6 56 401
76 65 522
25 3 972
2 68 721
59 33 626
87 86 722
59 73 129
15 26 281
58 85 468
10 79 611
89 47 706
85 46 141
79 48 69
76 22 842
93 75 94
47 84 191
66 25 745
38 53 486
84 44 68
25 87 805
18 12 644
29 69 738
92 63 544
46 80 610
53 46 901
10 87 914
33 32 327
90 5 989
4 38 596
26 17 196
26 5 105
33 26 38
59 3 977
93 16 813
3 34 644
67 74 987
46 3 493
5 46 543
6 9 223
45 78 733
13 66 380
55 26 774
18 43 301
21 33 130
39 43 723
75 55 52
53 17 233
23 24 578
91 14 204
88 30 433
72 34 103
70 7 495
28 66 433
91 35 912
15 47 363
14 12 200
90 82 648
75 25 718
60 46 657
36 30 352
86 61 378
81 16 107
13 69 920
22 3 739
86 44 677
72 50 600
8 2 733
51 42 134
41 77 362
84 2 624
21 5 99
88 57 181
50 62 579
87 21 334
61 37 407
92 47 694
47 32 933
79 45 291
62 66 675
75 2 941
19 56 92
66 90 35
39 11 668
47 53 41
32 37 625
19 12 107
9 17 512
8 68 569
37 41 57
32 16 620
56 39 412
22 23 998
47 57 162
81 39 59
9 73 909
30 12 260
21 88 405
44 91 167
52 8 296
79 38 376
21 56 946
41 50 901
76 62 508
84 29 73
51 84 50
57 58 921
13 77 655
22 73 821
84 76 525
74 67 92
48 35 140
10 79 284
87 7 480
23 44 627
70 25 797
14 72 702
57 70 710
42 52 560
8 62 450
38 61 335
21 3 148
33 73 784
22 68 843
28 40 605
28 86 643
47 6 881
22 48 600
58 41 216
53 87 784
58 44 98
18 24 680
4 37 153
72 49 560
42 88 98
40 58 78
58 37 159
35 65 109
29 92 454
66 13 831
23 59 529
47 12 373
81 82 691
51 19 446
51 65 850
44 82 453
87 15 18
71 12 534
39 8 620
18 64 820
89 49 302
85 84 467
24 87 302
41 26 598
83 16 457
61 54 744
93 15 266
54 39 286
92 74 418
57 62 100
28 35 205
49 55 100
17 38 694
51 75 36
16 46 113
35 23 619
30 67 230
93 38 822
20 17 766
43 63 265
46 26 40
23 30 204
87 46 42
28 92 63
51 71 550
44 92 995
69 3 446
1 3 31
60 74 942
83 57 818
66 52 682
57 54 852
20 67 327
91 53 498
61 72 585
53 47 14
41 11 547
45 9 126
43 32 338
29 8 121
69 79 16
86 69 902
68 73 517
55 72 576
82 51 586
88 27 679
31 64 845
39 55 301
33 18 332
70 87 67
24 8 324
73 45 225
62 73 385
7 88 263
27 68 529
23 62 539
54 36 422
26 88 362
13 41 257
27 51 635
27 77 251
67 21 658
72 48 976
69 67 63
61 73 184
30 43 328
14 76 400
7 30 143
24 76 613
12 26 482
74 46 591
48 38 741
16 65 99
77 31 607
10 90 429
11 29 155
78 64 590
21 16 989
55 93 674
30 83 146
71 23 199
21 47 585
83 1 575
20 8 568
14 84 375
32 14 773
23 5 155
70 24 305
91 30 609
28 35 712
64 90 507
26 9 941
84 69 193
26 39 751
35 87 268
19 47 216
31 20 443
91 11 388
9 81 276
84 37 454
32 13 341
42 74 318
75 15 533
27 40 770
20 34 320
90 14 200
75 37 645
30 69 921
62 35 176
91 79 36
38 35 868
79 93 932
5 93 912
53 54 935
6 57 96
16 44 862
28 35 289
61 65 979
1 23 576
54 62 332
31 13 307
90 48 907
8 17 666
19 88 685
81 10 338
21 89 879
69 90 469
5 49 142
74 24 606
77 67 378
78 54 479
15 44 29
36 74 786
30 29 718
37 6 924
57 41 36
2 25 67
19 65 370
24 64 111
17 92 811
62 39 910
8 23 35
89 57 89
43 38 366
91 65 66
40 86 749
59 60 131
30 57 791
27 72 347
81 2 154
8 66 12
49 34 999
36 80 160
22 24 922
13 63 791
21 44 160
82 53 34
86 10 321
60 66 450
8 92 164
8 48 634
51 85 574
46 18 601
91 84 129
45 17 804
67 14 913
1 24 698
89 58 505
20 10 237
52 71 727
25 40 617
40 18 692
9 1 251
31 28 639
80 76 53
41 59 390
12 38 55
11 25 583
2 88 222
50 18 409
86 55 953
20 69 459
25 2 92
87 5 990
42 11 648
45 5 74
53 66 385
57 62 171
11 26 597
3 70 766
52 1 354
20 9 554
43 39 161
73 35 48
52 88 360
76 74 144
2 44 427
52 32 816
44 74 393
90 56 222
12 85 107
74 9 790
59 30 282
3 68 67
68 8 810
80 72 556
26 6 85
30 80 343
34 62 96
77 16 978
87 86 258
78 82 965
71 69 522
89 65 710
65 31 814
1 82 175
17 29 170
2 35 107
91 33 845
52 63 622
57 27 589
13 7 442
78 7 453
68 77 846
76 13 188
11 56 636
10 48 132
27 83 33
40 64 689
30 52 455
17 22 300
23 87 858
14 31 550
86 67 688
2 59 389
28 75 976
22 84 343
62 65 834
3 69 355
33 29 588
76 86 609
89 30 357
66 47 892
3 46 677
67 37 929
57 12 2
49 27 192
4 62 25
91 10 860
42 36 255
29 90 0
83 67 412
86 7 628
70 55 140
22 75 150
50 52 627
91 49 991
5 80 313
88 48 937
15 41 908
22 25 645
28 6 154
93 66 353
80 8 691
8 18 799
72 50 765
64 60 634
20 57 95
35 14 526
14 10 216
54 34 884
54 44 278
45 86 703
66 71 665
77 35 435
19 68 910
56 13 84
67 80 455
58 48 518
68 80 450
66 7 414
76 58 405
80 26 659
76 72 284
33 9 705
40 67 434
8 76 623
81 10 274
5 39 92
89 15 713
21 77 845
13 25 646
82 60 521
19 11 704
72 51 486
68 57 343
14 60 12
59 35 571
36 70 569
1 41 893
46 2 872
35 2 649
20 57 827
50 55 768
51 82 657
60 36 495
46 82 897
1 8 419
49 62 775
63 61 681
78 93 315
90 73 566
36 55 395
35 29 277
30 54 829
59 7 517
23 48 872
67 17 703
47 44 317
4 9 17
89 47 413
68 88 138
90 39 229
7 1 633
45 39 640
69 12 440
88 89 584
41 4 318
83 81 930
48 52 384
17 76 270
93 57 789
33 69 770
87 88 367
15 54 35
69 24 691
42 5 809
43 89 195
45 90 816
82 50 198
5 52 861
59 36 619
93 12 801
43 44 510
4 18 435
10 1 687
88 73 566
36 87 480
18 31 264
15 25 653
83 54 306
77 54 828
31 32 829
38 9 323
37 32 647
42 53 681
89 71 731
15 71 195
65 18 163
37 40 515
77 56 258
29 7 3
5 86 80
59 13 380
41 17 951
55 63 20
73 24 930
9 2 635
74 83 858
93 85 985
85 67 93
87 2 542
88 46 674
50 32 970
67 24 593
44 4 428
6 75 340
2 52 399
25 89 568
35 39 862
2 23 246
38 56 327
64 38 512
62 53 226
50 22 486
65 56 549
