13 77
5 9
10 6 833
12 6 979
13 10 707
3 13 160
4 12 661
8 6 608
9 13 194
5 6 463
1 4 539
7 6 920
2 13 400
11 5 292
5 7 175
1 10 821
13 3 790
8 12 150
1 10 813
8 4 754
2 4 111
2 9 731
13 6 148
1 6 891
9 12 249
11 10 855
7 12 48
3 11 43
5 6 197
9 13 5
12 3 28
4 1 755
6 3 773
11 9 519
2 5 697
8 3 475
10 12 160
11 8 494
6 7 234
6 3 685
11 4 456
3 9 202
3 6 208
3 11 203
13 2 103
1 4 416
3 11 418
6 4 335
7 3 219
7 5 911
3 12 666
6 1 689
2 7 826
3 11 114
8 10 277
10 9 351
4 8 864
4 9 36
8 6 287
2 4 94
7 9 767
10 4 393
13 12 854
6 2 953
12 9 536
12 11 904
6 11 697
1 9 877
13 2 48
2 13 796
11 13 729
12 13 514
3 13 46
11 10 41
2 12 759
11 1 621
6 13 784
3 13 244
12 4 78
