42 744
34 30
19 23 834
7 19 52
6 23 858
8 6 693
22 23 996
33 23 472
17 23 707
36 6 785
35 8 967
16 33 133
11 23 583
31 22 562
28 19 853
29 8 541
18 16 23
2 33 905
40 35 617
20 40 97
14 2 807
30 2 611
32 17 765
26 18 30
41 26 924
37 22 278
27 36 812
13 41 990
39 40 694
1 18 310
12 11 660
24 27 529
5 39 354
21 27 283
34 7 893
42 37 315
9 41 894
38 32 102
15 1 520
25 11 386
3 20 299
4 33 664
10 34 612
21 4 705
17 18 284
30 42 339
42 20 476
4 27 916
36 19 176
18 36 823
40 26 41
37 8 821
35 24 144
29 31 40
17 18 52
38 42 13
31 17 566
24 3 582
19 21 835
5 35 31
42 21 785
7 28 455
37 19 172
25 30 188
30 38 519
18 37 984
33 37 325
38 18 304
20 22 105
39 12 172
34 19 47
21 13 776
33 17 187
23 9 819
35 18 473
5 32 338
13 5 481
32 16 753
35 27 621
20 31 186
4 2 822
3 18 989
17 6 167
26 38 320
41 1 158
4 9 404
7 26 167
23 7 522
23 20 734
38 10 997
29 13 966
1 9 45
36 23 609
30 42 251
8 27 223
32 8 936
12 2 193
35 40 170
4 40 88
2 35 869
10 27 544
37 36 748
36 42 365
29 22 963
8 29 60
18 6 770
3 17 410
31 24 426
1 12 333
19 7 706
30 27 295
23 6 323
37 27 975
28 23 49
11 25 383
39 32 688
21 32 357
4 21 79
3 16 743
40 24 539
12 24 268
26 14 487
22 39 762
29 19 243
28 15 113
40 2 646
12 35 704
30 7 526
7 30 652
29 24 340
42 5 742
41 26 594
13 42 640
7 25 833
37 42 745
18 4 659
5 36 843
9 34 193
16 34 551
30 22 450
38 15 250
21 37 51
9 5 177
28 14 404
36 2 242
9 7 782
38 31 504
21 7 511
5 28 872
42 3 945
14 26 772
1 32 978
28 42 755
13 12 933
14 16 290
7 23 844
32 40 450
3 30 156
4 14 611
14 26 988
39 40 395
11 24 899
12 20 569
23 20 97
12 41 399
9 41 472
25 16 39
35 32 773
42 15 424
8 14 667
4 18 142
34 40 340
20 27 779
20 10 364
38 13 573
1 26 845
34 18 877
12 16 529
1 27 408
6 11 783
19 42 664
5 3 467
37 17 974
6 41 468
27 17 519
17 9 99
4 35 878
20 9 452
8 28 217
9 23 557
29 3 845
14 28 582
24 17 5
9 16 48
34 41 637
28 11 846
7 6 525
33 30 343
36 17 841
22 25 62
34 18 359
21 8 698
29 38 439
39 22 824
11 6 461
36 28 958
40 11 554
32 13 443
2 22 585
27 7 495
42 24 211
13 40 943
35 28 747
8 36 101
27 6 627
39 19 598
5 42 135
23 27 756
32 14 27
17 41 187
38 32 381
37 19 447
40 20 504
13 29 546
37 41 717
2 14 768
8 42 32
12 15 992
4 12 956
7 20 544
34 39 17
17 36 754
15 10 307
39 30 446
28 24 748
33 12 546
4 21 759
20 34 69
42 4 430
19 32 413
14 40 571
33 24 918
12 42 320
8 20 262
17 23 176
3 18 539
7 1 630
21 12 654
16 4 417
3 18 747
3 37 556
23 1 374
7 20 980
37 13 501
1 36 173
30 18 120
34 33 808
15 1 486
29 5 425
22 19 645
33 17 552
26 29 430
22 1 611
31 2 156
29 3 707
21 3 527
4 12 599
40 9 152
34 15 774
2 30 637
37 14 293
6 36 370
38 16 861
7 6 245
14 25 349
41 42 915
5 24 641
24 17 552
30 23 415
40 41 941
35 41 938
17 14 775
28 10 528
29 5 651
21 9 919
23 22 874
34 13 356
33 15 96
15 8 430
11 12 858
38 26 388
38 27 798
5 16 681
18 8 774
22 31 294
16 38 467
33 32 33
36 13 548
8 6 76
16 22 253
3 36 883
10 34 437
31 12 991
7 11 149
3 22 270
13 26 34
15 24 305
32 9 778
33 19 82
18 33 507
23 14 208
2 15 572
13 9 722
3 29 522
8 16 298
11 36 449
25 13 730
8 5 339
24 7 592
40 27 422
13 8 162
25 17 455
4 39 707
35 40 47
7 33 543
19 13 776
28 10 678
16 40 482
38 19 180
23 16 578
29 9 677
3 41 366
5 33 34
25 7 708
34 23 227
10 8 805
40 36 288
40 1 931
26 32 483
25 38 107
13 2 752
9 13 185
12 9 249
35 28 377
23 19 96
26 23 993
5 19 464
14 34 264
7 28 790
35 34 675
10 9 510
39 26 308
14 36 909
30 35 194
19 4 294
37 11 147
13 38 407
28 9 283
34 26 917
41 5 823
24 7 768
37 17 601
8 21 342
13 42 119
33 8 588
5 1 547
15 35 864
5 23 622
40 25 947
24 42 593
28 20 332
9 20 171
19 3 172
41 39 801
32 3 710
18 14 68
25 15 280
5 15 74
14 17 290
39 22 739
11 24 779
17 20 65
27 29 138
5 10 680
27 28 201
2 42 957
9 27 0
28 36 413
17 10 739
31 12 548
27 37 70
36 42 334
27 10 622
3 29 318
12 15 969
19 38 598
14 32 701
22 21 184
18 23 209
40 14 623
28 25 2
39 19 959
35 40 689
11 4 930
23 13 804
39 5 323
33 36 554
24 13 302
26 1 683
29 22 848
6 7 315
33 37 116
21 39 734
26 37 717
14 30 234
25 21 296
19 39 841
33 18 144
22 33 722
21 14 202
39 2 248
12 36 383
2 7 248
2 7 488
7 14 973
3 31 387
12 17 643
9 20 47
21 16 900
23 1 642
22 29 166
30 41 982
13 41 721
8 2 620
40 28 481
23 30 527
7 35 277
25 27 167
38 30 72
31 8 722
12 19 322
31 24 944
31 25 563
28 11 278
7 35 664
29 15 232
26 42 509
17 20 46
22 15 657
34 20 303
42 36 8
21 7 512
28 7 705
12 40 919
19 4 513
10 29 797
36 35 830
42 24 537
7 21 685
25 21 629
28 7 397
11 26 690
38 7 444
30 35 581
27 37 552
32 19 428
35 1 619
26 16 682
10 35 74
11 33 229
24 13 818
19 10 66
16 5 597
15 40 77
32 14 739
8 26 378
24 4 408
7 2 566
9 34 749
28 4 454
18 37 506
35 41 997
23 2 397
3 27 431
24 20 997
24 29 95
40 7 67
13 19 716
3 32 530
24 5 316
26 13 982
29 3 897
20 11 124
32 15 739
17 18 622
42 19 346
19 5 960
23 25 597
42 36 64
35 28 806
24 22 147
13 30 262
14 33 616
37 27 50
19 16 962
26 6 523
18 26 866
37 8 665
7 10 137
26 39 363
15 4 907
27 13 287
23 27 0
29 38 56
32 4 513
18 38 347
17 34 785
30 27 59
41 15 167
39 19 165
27 2 269
24 7 70
38 15 104
5 24 937
16 2 412
23 18 897
26 5 106
35 14 214
42 1 926
19 42 562
32 36 905
1 20 424
24 37 699
4 2 715
25 15 129
1 32 737
22 25 70
42 11 814
31 11 388
15 36 126
22 26 58
41 38 772
11 29 273
25 3 234
6 16 548
12 38 382
19 12 882
5 21 506
8 23 18
8 39 645
13 6 789
35 39 473
27 33 935
25 21 116
13 6 1
31 25 831
34 36 570
34 26 57
13 35 194
19 25 151
39 12 380
12 21 125
25 40 798
17 10 913
26 36 679
15 36 556
42 23 428
12 19 770
39 18 769
24 1 451
38 32 260
42 22 426
12 30 670
37 21 938
41 33 764
20 16 803
17 5 695
4 21 483
25 37 296
24 11 618
16 15 329
5 33 367
41 17 84
39 19 342
39 19 454
24 3 612
12 35 623
4 26 551
10 5 456
39 35 537
17 38 235
35 15 122
14 16 147
30 18 340
40 36 35
28 12 334
28 2 250
7 12 900
22 18 236
2 33 742
23 29 100
24 31 151
24 35 737
27 29 638
24 3 189
27 7 766
33 7 281
3 25 841
41 36 548
28 26 423
1 39 912
13 15 136
23 29 689
3 37 197
34 30 435
40 17 446
40 17 243
2 23 74
28 24 504
27 34 861
5 14 81
27 32 464
11 18 970
34 2 82
24 13 925
3 32 131
23 17 372
33 25 196
4 7 77
2 8 146
24 30 56
34 28 980
11 4 640
39 31 503
24 37 574
7 6 356
2 8 432
7 19 997
30 40 431
18 37 788
42 20 662
6 16 72
39 25 933
17 35 848
34 27 397
12 11 350
5 10 785
2 42 234
42 34 872
4 37 10
26 13 705
27 35 243
11 14 722
24 16 771
25 15 656
26 5 413
13 19 553
16 18 925
22 38 276
38 39 912
10 33 175
29 22 488
21 5 855
41 12 809
23 34 159
38 24 32
23 9 86
29 20 455
14 23 14
21 17 825
19 14 497
30 42 952
19 41 834
24 42 154
36 18 11
7 31 880
13 15 670
2 39 188
32 2 583
31 15 567
16 27 802
35 38 90
27 24 70
22 30 385
36 15 345
32 12 995
5 14 138
29 30 921
12 37 493
10 34 202
5 26 382
26 16 43
32 25 383
19 18 959
5 3 146
25 17 413
10 4 546
7 25 487
36 22 3
4 41 807
36 20 876
25 24 954
28 17 998
7 9 608
13 12 460
21 14 879
38 11 324
20 2 611
7 34 359
26 35 716
22 42 402
31 38 635
32 38 269
39 6 359
14 16 403
39 41 199
29 9 894
38 32 963
21 42 406
6 27 851
42 12 648
31 37 753
12 1 586
18 35 117
1 22 324
34 16 940
10 15 194
23 42 553
38 18 787
39 38 598
4 23 560
19 27 746
23 40 541
14 15 8
35 39 223
20 2 466
5 20 324
42 33 528
17 15 792
35 3 335
32 3 655
39 13 373
3 6 156
42 24 351
13 28 619
21 15 113
