53 2033
13 21
44 41 745
12 41 228
48 41 214
30 41 821
5 44 128
6 41 37
38 44 368
14 5 969
29 6 994
1 38 953
32 41 486
3 29 66
45 44 237
10 45 37
36 12 472
9 5 847
20 41 857
42 48 20
26 42 145
18 44 937
25 12 680
31 1 992
47 3 175
27 42 855
39 30 87
16 42 713
51 44 523
28 6 10
17 10 527
35 6 505
33 41 252
53 36 181
46 29 944
21 17 784
13 21 234
40 13 854
43 9 604
24 46 309
34 16 303
50 42 411
23 13 575
49 33 712
8 42 29
11 28 658
2 44 729
19 25 94
22 24 977
4 43 631
7 8 567
15 51 840
52 20 660
37 33 482
3 5 67
33 26 420
2 23 123
33 52 294
1 21 982
11 36 334
42 48 575
37 50 810
30 48 621
44 20 939
11 44 672
16 7 779
43 53 289
39 30 511
43 31 571
40 22 509
48 40 961
7 31 813
47 19 880
38 18 439
31 20 179
5 47 978
36 50 671
8 24 569
20 52 904
3 26 386
47 29 10
27 5 284
36 50 358
36 26 350
33 20 892
36 13 247
5 53 169
44 31 468
48 32 30
16 29 595
51 16 126
7 9 166
5 39 374
5 16 517
25 29 88
53 30 238
36 21 854
47 39 467
39 26 306
37 45 727
37 29 64
40 34 605
53 41 855
21 44 716
52 53 47
8 51 344
35 16 735
22 5 725
26 13 32
23 16 887
10 48 421
36 23 119
1 48 112
20 7 68
53 11 699
6 37 265
48 23 860
15 5 932
47 53 728
2 24 724
27 32 372
27 43 482
33 27 822
47 38 420
46 10 88
31 27 732
9 42 514
2 22 661
50 29 436
21 11 306
50 49 940
32 14 220
33 3 117
46 27 987
33 26 58
28 25 292
24 21 10
23 41 869
34 37 444
29 51 870
41 18 830
28 8 780
10 44 792
3 45 604
4 13 546
23 15 371
4 3 809
19 4 448
27 2 351
32 4 787
40 3 277
40 4 349
51 21 21
37 48 127
16 30 645
19 36 983
15 9 187
4 18 132
37 31 862
21 40 304
17 47 249
16 48 11
48 38 680
41 37 722
31 33 431
39 32 783
17 13 192
32 47 594
1 25 845
38 44 86
37 19 994
18 41 66
38 52 284
23 6 646
35 7 904
46 21 252
7 52 977
47 25 235
46 15 652
17 51 496
31 35 982
26 24 558
37 17 792
47 3 611
49 45 786
35 41 830
11 39 657
37 52 743
18 19 703
25 3 365
42 24 417
25 18 839
22 35 57
47 1 954
3 43 498
3 39 697
33 40 535
11 14 149
50 38 522
25 22 308
11 22 86
40 26 992
32 4 82
48 46 146
44 22 658
3 23 51
1 39 739
39 42 673
18 49 462
29 52 694
45 15 378
21 48 591
52 31 768
7 22 718
28 18 872
9 25 878
52 47 842
41 51 122
45 48 64
15 35 170
10 47 413
8 18 55
7 31 749
39 42 909
30 7 425
35 28 451
31 17 54
44 25 659
17 26 219
10 44 896
53 39 297
17 6 497
40 27 199
20 26 804
8 49 590
47 16 885
29 53 851
25 28 648
47 15 625
7 26 963
40 32 747
39 18 448
12 21 636
13 24 11
30 49 831
16 30 523
47 30 753
32 8 613
49 41 677
33 24 261
5 18 712
32 20 917
34 27 579
49 14 255
5 27 989
27 35 993
16 20 720
38 23 789
35 38 95
11 39 844
27 11 101
21 1 595
18 46 511
18 48 652
49 43 522
31 40 493
49 12 374
24 31 588
49 39 733
33 21 767
11 30 736
9 14 652
8 3 32
46 12 38
53 25 198
22 37 243
19 41 73
35 6 907
13 27 243
9 6 873
34 18 670
50 32 788
36 26 551
36 29 772
48 1 530
28 31 436
3 27 271
4 26 643
20 35 618
50 30 800
42 4 360
26 24 787
20 17 496
36 28 536
37 17 626
33 53 235
24 10 243
39 1 651
31 52 481
51 45 43
36 4 605
11 22 384
25 16 618
37 42 264
10 24 366
38 21 212
35 15 76
42 31 289
10 21 568
1 7 545
43 10 362
34 11 46
25 30 740
32 18 121
5 29 409
24 34 850
14 34 874
42 26 244
20 38 958
13 31 176
23 49 43
44 48 7
10 51 518
8 4 867
47 30 12
24 49 358
44 47 182
38 41 603
7 12 392
49 53 681
42 39 663
23 40 217
45 50 954
13 46 129
21 25 643
24 13 920
27 14 191
34 1 741
53 43 337
21 46 108
30 19 22
47 39 671
13 38 391
24 31 832
6 53 830
48 20 485
9 45 599
30 40 66
17 11 295
11 14 8
8 9 263
44 1 419
35 14 251
32 27 432
25 4 885
7 10 774
41 26 925
19 43 357
6 43 407
50 48 526
45 37 295
51 34 212
30 39 997
18 17 710
9 17 928
19 13 85
20 31 133
12 4 149
6 47 517
53 48 948
44 26 750
6 24 912
37 9 808
51 45 642
48 14 566
19 11 130
21 49 183
25 7 445
5 38 16
18 19 912
50 32 204
18 15 504
45 30 885
23 47 932
7 49 2
12 3 172
40 41 94
44 43 298
11 51 175
19 50 748
5 7 72
40 44 510
31 45 846
49 48 899
36 30 996
18 28 904
18 52 875
8 31 458
27 33 690
24 16 485
8 24 653
35 36 916
6 43 402
5 25 810
12 3 433
1 15 268
42 39 132
9 15 524
13 51 339
31 30 270
40 1 203
40 47 715
12 2 620
10 40 632
44 11 326
52 45 218
15 32 153
52 14 292
24 26 957
5 45 601
31 23 164
18 8 874
40 35 902
18 17 268
36 42 231
50 9 681
25 22 964
16 24 75
43 44 71
26 16 844
38 18 660
5 9 667
15 1 204
40 7 218
38 24 236
19 8 483
4 37 400
26 22 689
17 41 821
16 31 859
22 3 138
34 43 311
7 29 816
27 7 381
37 41 551
7 41 952
10 17 248
39 43 460
17 52 325
18 29 673
26 31 601
37 48 624
44 22 696
28 8 731
51 36 628
40 35 723
5 23 471
44 20 788
27 49 379
26 49 549
14 41 199
40 6 762
22 29 345
9 29 641
45 16 605
36 29 250
46 11 100
23 8 928
21 23 609
10 53 493
32 31 370
23 34 392
15 53 982
51 26 144
12 11 96
29 19 919
22 50 623
7 34 963
25 40 499
50 21 958
7 5 903
5 18 293
31 7 618
46 16 711
1 4 616
11 53 194
15 34 893
34 19 972
8 24 810
42 28 240
29 16 926
17 8 590
9 38 58
43 28 824
40 28 59
2 37 896
18 39 694
42 4 502
27 32 626
31 8 662
6 5 6
19 32 385
3 45 836
49 24 167
32 4 460
22 39 173
44 22 52
25 51 876
43 4 632
36 50 329
11 6 370
26 23 2
43 27 656
44 50 172
31 44 784
24 30 375
5 48 925
8 21 223
19 33 225
49 35 417
19 9 189
5 6 629
17 29 528
4 6 156
49 10 122
36 2 310
13 45 865
39 31 330
21 47 832
16 48 881
26 8 215
12 1 299
15 40 171
10 42 509
30 2 965
48 16 267
4 5 378
24 28 303
39 37 973
1 44 77
15 16 947
14 10 411
5 9 41
30 1 299
50 10 960
47 36 305
40 46 866
6 31 903
6 53 908
4 18 674
46 6 269
47 22 718
30 29 851
16 12 609
49 6 744
38 2 886
31 51 346
41 12 933
53 44 351
24 9 14
21 42 177
29 2 837
36 31 336
45 50 167
22 40 581
44 22 702
39 28 669
40 29 93
14 29 232
31 1 833
4 32 160
50 28 665
11 21 248
25 29 946
37 25 597
32 21 22
32 53 301
6 7 902
20 49 279
3 51 644
19 18 408
15 34 626
12 10 961
23 7 429
46 29 699
10 7 311
36 39 771
29 7 652
36 5 754
22 6 994
35 40 148
32 20 903
10 44 305
19 43 720
6 53 349
41 44 948
16 43 438
42 22 581
45 22 73
33 41 374
18 9 252
42 31 333
27 15 221
17 36 943
14 36 936
38 23 942
15 21 479
8 20 169
9 10 917
16 26 99
10 7 10
36 33 344
12 1 839
32 16 564
46 48 547
13 32 365
18 24 788
41 24 522
7 11 944
31 5 926
22 8 383
14 25 472
19 5 448
19 8 975
24 48 372
9 39 721
28 15 545
27 22 448
16 20 426
20 30 231
1 38 340
49 11 538
1 2 48
10 41 744
52 8 750
30 24 871
26 49 682
8 12 143
13 2 631
15 52 227
30 35 419
20 30 138
26 33 921
29 46 872
34 35 153
2 18 914
20 42 368
11 17 629
19 7 18
39 9 70
42 20 56
9 17 362
36 37 752
13 45 350
52 2 7
32 46 24
47 48 654
11 23 865
37 35 678
47 42 129
14 23 709
50 7 682
38 40 988
14 44 360
14 5 346
43 4 106
7 40 212
51 21 5
44 12 117
28 49 974
29 8 91
40 52 239
15 9 270
28 32 99
11 38 594
4 19 547
19 30 525
47 29 836
34 4 62
11 40 343
53 9 677
3 12 419
23 50 42
30 1 273
14 2 658
7 5 285
3 37 617
18 49 812
12 27 68
29 11 756
16 36 635
49 11 376
35 36 996
26 12 964
1 10 509
6 19 315
7 24 457
25 7 980
2 8 801
23 46 884
12 6 633
31 27 557
20 23 384
35 30 972
43 3 19
23 4 546
23 18 598
46 30 388
25 13 607
5 34 581
42 48 776
2 51 918
44 17 175
43 28 499
35 19 381
33 45 285
36 3 159
20 24 224
27 12 594
52 12 569
35 3 647
27 16 438
49 51 164
27 49 249
4 1 527
24 8 248
14 4 279
5 48 629
5 6 881
32 17 493
53 4 46
2 8 303
49 26 985
33 35 623
32 20 440
10 33 669
53 31 159
39 28 586
23 51 165
52 35 700
10 20 750
53 44 238
27 11 147
40 21 230
37 36 243
40 29 73
49 21 681
13 53 194
29 24 311
20 46 497
20 1 716
49 37 781
34 26 510
7 1 51
34 50 346
31 9 131
20 8 381
1 5 282
21 14 546
48 14 108
45 31 253
46 16 101
17 52 685
26 14 183
33 38 634
39 7 470
20 4 214
37 35 133
23 28 580
24 4 900
31 10 109
7 49 172
52 4 717
21 10 114
15 29 490
33 14 267
48 40 85
46 43 370
11 28 561
39 48 358
28 32 892
3 49 417
5 4 35
52 53 435
46 13 549
4 19 687
32 38 362
37 18 900
15 2 586
46 37 127
26 45 643
49 46 900
28 37 968
39 29 977
11 5 821
20 8 129
33 17 668
35 12 587
51 24 305
37 11 368
7 31 384
14 4 449
51 38 498
10 30 731
16 42 544
7 48 758
21 32 762
33 40 485
52 40 426
46 50 386
21 2 788
37 36 25
4 22 625
33 50 546
32 15 658
53 38 671
8 29 503
52 9 199
37 40 68
43 35 689
31 5 969
2 32 413
47 26 663
35 38 624
48 35 570
38 33 798
22 16 845
53 42 518
35 33 298
17 20 283
19 24 682
20 29 533
51 22 815
33 46 50
4 22 807
48 38 443
53 29 874
24 48 231
26 35 132
7 18 527
35 13 88
24 34 433
36 3 184
29 15 757
38 2 176
25 18 329
25 6 856
7 3 278
3 48 449
18 21 61
4 51 262
49 12 804
42 17 411
5 21 746
40 9 689
48 15 457
41 11 771
41 47 389
50 45 508
36 50 387
13 2 518
1 48 339
2 25 456
50 33 266
29 19 92
7 14 815
7 2 915
20 44 298
29 31 403
14 9 315
27 39 394
15 40 147
6 8 574
51 34 649
10 36 533
24 18 906
22 13 66
17 14 198
53 25 987
32 5 438
12 41 335
18 17 920
51 21 415
5 32 16
6 41 121
49 1 290
26 1 463
37 35 52
51 11 96
48 26 504
46 14 871
29 41 241
2 26 950
36 47 565
24 47 20
27 50 591
38 29 408
51 22 651
27 6 450
37 2 719
3 53 667
28 12 789
17 47 771
22 51 678
25 6 4
43 17 558
20 4 327
19 50 250
53 46 143
31 4 262
43 13 354
21 35 101
6 50 215
9 34 549
20 4 467
32 38 150
31 50 801
5 50 988
34 15 598
45 9 488
2 11 154
6 17 336
33 42 451
45 14 489
32 33 384
37 30 548
48 11 160
24 3 805
12 30 508
14 28 646
51 31 597
17 50 182
37 14 100
15 30 952
46 28 434
28 45 423
10 44 700
52 33 249
9 40 148
35 4 415
16 50 588
19 51 326
29 18 658
9 25 112
3 34 409
14 11 94
42 31 841
18 42 681
15 51 773
42 22 280
46 4 907
16 18 768
47 29 51
39 9 569
17 15 256
35 4 299
14 40 520
49 31 267
25 46 798
2 19 951
11 48 437
28 26 879
27 15 955
1 12 564
12 34 523
45 53 231
38 18 947
45 41 342
33 12 39
7 46 456
33 34 742
29 11 184
40 42 387
7 50 634
49 18 634
6 1 504
50 2 838
42 23 467
20 19 513
42 21 211
8 15 380
20 51 231
38 41 657
20 41 516
35 6 150
51 9 258
47 36 385
51 53 663
31 52 970
41 29 546
13 2 966
31 27 509
13 50 811
22 31 309
40 13 514
2 8 570
34 2 605
13 7 357
47 23 496
15 42 456
21 48 509
44 42 534
11 5 426
6 34 870
29 13 95
12 13 582
10 16 15
38 25 349
33 27 77
2 23 167
19 48 698
14 13 883
18 52 284
7 40 1
33 43 401
37 43 583
13 17 689
36 14 839
6 24 143
46 27 768
51 46 690
16 18 809
23 12 636
25 11 842
18 50 268
7 53 142
9 49 511
3 35 182
47 50 922
30 50 998
20 39 328
29 37 33
39 8 936
41 42 482
30 5 6
40 32 311
32 13 354
15 28 5
24 50 898
6 20 328
18 30 582
3 19 775
9 42 47
25 2 109
20 36 879
52 43 185
19 27 407
18 43 998
11 52 154
37 43 494
7 5 941
6 47 503
43 51 469
44 33 963
38 28 830
22 51 173
39 10 618
10 51 83
16 1 234
10 44 616
48 51 120
30 26 638
13 49 860
19 52 73
11 47 282
18 37 860
36 53 700
29 6 410
47 53 391
10 40 586
33 24 362
44 5 208
42 41 677
19 13 466
19 30 540
16 33 836
46 33 462
26 28 705
12 44 312
20 30 589
14 27 947
26 28 898
43 26 88
34 17 392
16 25 195
7 2 276
1 27 278
23 32 110
35 47 559
19 17 404
9 41 254
23 3 254
43 13 106
50 36 447
6 30 15
34 30 361
34 50 355
22 11 699
46 14 294
36 27 955
1 31 545
49 3 895
53 9 77
27 32 573
4 28 642
48 15 309
17 11 290
15 27 555
4 22 184
20 9 931
12 14 46
52 36 672
39 2 614
18 30 260
28 5 698
16 26 400
32 26 68
48 8 767
7 52 445
28 49 185
13 45 674
42 48 919
25 7 119
27 16 527
8 5 25
11 43 925
2 3 513
28 23 853
24 7 49
16 33 649
2 13 107
15 34 518
22 38 878
39 24 786
43 11 100
53 16 104
19 7 154
39 10 788
24 36 511
42 36 194
40 36 883
51 15 753
19 48 935
49 40 452
46 16 261
53 29 858
38 1 491
10 31 222
38 23 545
26 42 21
46 2 112
40 23 363
18 2 630
35 21 76
7 18 951
21 29 700
43 14 821
43 7 312
11 16 192
6 3 15
11 40 152
32 27 236
17 50 147
51 29 173
36 13 739
29 51 298
9 27 398
44 22 503
32 49 582
40 32 815
2 15 106
29 41 795
45 31 317
17 51 988
26 14 573
34 36 987
24 2 14
22 1 339
48 7 441
37 53 973
22 23 85
27 36 790
6 34 25
21 11 341
2 19 838
32 37 713
13 33 223
12 42 350
34 21 828
15 19 964
1 49 632
12 18 403
2 23 181
34 31 907
48 32 953
18 39 551
31 7 998
41 28 962
31 13 381
18 34 395
5 2 398
4 49 703
21 2 347
4 36 451
38 36 766
16 50 402
36 37 361
2 51 424
27 9 244
26 35 824
28 38 117
37 22 918
34 10 471
17 40 823
12 39 826
38 19 328
53 25 249
30 45 862
9 2 248
49 3 535
52 28 19
6 3 206
33 9 762
25 23 684
20 30 416
43 16 360
16 3 491
15 37 959
42 11 476
21 29 240
43 13 704
22 33 630
15 11 880
50 28 912
51 35 261
8 21 992
22 2 510
38 44 504
17 18 880
6 21 201
49 42 793
53 33 562
44 10 117
1 13 81
36 14 256
2 3 346
40 38 371
52 13 132
26 36 467
28 45 300
34 40 993
52 27 371
14 20 799
45 32 51
49 14 915
20 38 958
41 44 563
17 6 436
43 51 913
32 35 383
32 50 739
52 50 843
34 23 42
46 8 944
22 34 361
6 53 17
16 47 472
35 9 458
14 43 752
24 17 289
48 10 529
5 26 718
38 47 436
44 11 56
42 33 617
5 39 818
29 38 219
25 12 104
17 15 698
7 40 255
52 50 390
12 31 700
37 25 439
33 19 431
4 39 904
33 21 251
6 18 162
33 34 816
51 48 376
32 4 603
23 11 101
2 8 137
6 21 429
53 20 316
23 44 437
14 2 352
35 50 322
12 50 860
4 16 393
20 5 769
46 40 853
13 50 310
4 21 438
6 26 356
52 18 532
31 8 55
49 36 521
51 25 751
52 32 644
4 14 560
48 1 628
47 26 466
35 38 394
23 35 285
30 36 502
9 52 407
18 16 196
9 10 568
18 48 499
33 21 512
3 50 653
16 23 795
37 29 328
52 49 76
37 2 287
7 8 970
14 36 168
7 6 726
28 24 105
29 2 250
32 44 874
47 44 601
5 7 574
18 23 512
37 21 308
43 9 901
50 49 634
36 45 28
18 36 175
47 24 631
10 40 552
39 13 463
22 28 74
13 39 705
17 10 977
7 42 874
3 28 853
26 14 290
20 53 592
41 39 40
50 15 866
31 22 434
5 11 793
16 23 700
41 32 511
33 41 201
5 29 466
52 31 795
6 37 907
6 8 182
47 27 618
46 9 167
23 29 613
39 51 536
12 2 37
28 37 432
1 51 337
8 17 430
48 32 999
17 33 663
26 47 592
38 29 18
5 33 172
41 30 849
1 15 630
27 37 869
13 44 742
28 53 801
48 28 643
17 34 899
4 43 210
12 51 727
38 7 271
46 16 111
9 17 34
27 39 323
32 40 22
32 20 135
32 5 466
2 7 429
29 8 363
29 30 497
35 9 494
27 18 630
9 4 21
17 35 348
14 13 205
23 19 102
3 21 345
33 19 720
53 11 790
34 1 281
6 39 240
12 13 865
13 16 541
34 52 489
37 42 920
29 40 610
11 9 674
43 53 714
43 49 219
32 34 172
39 1 386
9 8 633
1 31 759
18 8 156
21 45 204
43 8 243
33 19 637
1 2 157
53 31 798
20 14 984
38 52 345
13 28 998
25 30 539
49 37 173
20 8 646
6 46 412
44 52 522
50 15 290
52 6 392
52 42 893
20 23 817
40 22 986
45 8 992
38 35 511
18 4 116
28 36 833
28 12 399
51 33 870
15 13 608
31 21 625
12 33 860
46 11 976
18 34 203
5 43 496
16 9 198
21 40 142
51 22 35
40 37 409
40 37 589
40 33 672
12 35 662
22 39 775
46 42 690
43 52 237
44 26 144
32 5 762
20 41 966
52 8 549
12 28 445
45 23 441
30 17 630
37 13 35
11 9 945
9 37 510
31 7 915
25 10 219
2 51 897
40 25 799
53 8 823
30 9 347
30 33 492
20 26 858
5 3 507
6 3 560
30 48 962
1 29 527
6 21 762
34 49 464
32 30 583
18 43 548
44 41 780
8 35 268
31 53 327
30 21 325
34 24 801
20 26 326
25 32 818
51 53 609
50 3 390
49 11 972
37 23 177
24 39 2
22 5 511
44 47 52
15 33 213
20 30 164
37 53 8
47 23 377
5 2 837
22 10 44
45 49 240
25 27 559
52 43 655
23 11 576
39 10 303
3 42 569
21 33 503
30 38 880
8 12 180
39 48 5
16 12 75
15 44 287
26 13 40
8 52 927
32 17 225
47 28 630
41 11 644
1 9 128
51 11 709
43 17 561
3 9 790
31 30 17
46 49 405
10 52 834
41 38 521
33 5 341
30 49 982
42 11 569
14 23 674
24 2 292
40 6 430
13 23 639
1 26 2
31 51 986
11 35 806
52 9 45
18 8 788
14 19 831
19 3 624
8 23 648
8 15 222
3 37 943
32 52 63
13 25 297
3 2 871
30 16 488
37 29 592
26 16 892
27 6 606
4 20 54
30 51 27
4 52 131
46 39 865
45 42 937
32 37 382
46 21 204
18 6 878
51 9 871
30 29 646
53 19 742
9 2 923
32 33 142
20 52 643
39 12 541
43 25 843
24 51 454
17 7 239
33 38 539
28 51 13
5 4 80
53 41 151
23 39 325
29 15 371
26 18 696
37 15 602
16 19 279
50 7 418
14 49 586
26 1 364
19 36 228
11 29 729
1 4 289
9 7 355
42 36 385
40 14 429
15 36 560
11 18 531
36 27 499
5 3 37
50 48 730
7 38 968
48 29 851
37 26 630
48 38 808
38 51 618
15 18 811
6 30 825
41 2 727
22 38 737
51 38 707
20 52 234
52 43 762
47 40 311
40 46 731
3 30 344
19 47 502
30 37 723
18 21 703
35 23 399
18 16 766
4 13 448
24 34 229
52 11 573
33 51 799
25 2 234
24 44 958
18 38 691
52 8 988
52 35 939
53 5 535
41 42 249
46 10 153
35 2 897
8 5 85
33 35 577
50 15 352
20 18 118
35 3 677
44 12 311
5 24 97
32 1 312
39 33 772
26 42 674
11 2 638
41 39 380
49 7 999
39 32 801
14 49 77
11 13 580
25 24 547
20 24 827
44 11 448
4 24 920
52 46 87
20 52 73
2 15 161
8 28 204
42 4 77
52 40 72
2 27 109
50 32 873
13 2 269
19 46 355
18 50 563
21 13 466
50 26 924
16 7 168
22 21 151
41 17 183
13 9 722
4 18 608
32 45 114
31 41 48
31 50 5
20 7 19
26 37 353
36 25 662
40 50 423
25 38 578
2 26 399
39 9 752
46 47 127
12 31 538
33 53 376
3 14 431
52 16 118
48 26 475
34 3 30
3 36 860
23 10 405
51 50 164
23 46 841
16 20 259
16 25 387
34 8 805
53 52 126
34 29 657
46 19 419
43 51 524
15 4 916
18 5 298
5 44 800
11 20 64
48 24 909
45 48 359
16 50 583
45 4 849
40 5 856
42 4 368
1 10 97
51 18 806
50 29 468
25 50 508
24 47 543
6 39 255
40 2 928
19 52 834
28 20 737
39 38 850
43 8 590
40 50 697
15 47 395
17 23 319
11 26 615
30 37 368
3 28 997
47 41 897
33 27 688
8 52 411
9 5 946
30 33 308
50 4 885
4 47 184
46 44 851
50 11 571
29 47 63
9 17 233
53 31 260
23 18 38
2 36 922
1 9 892
3 12 682
14 30 440
2 13 853
27 3 499
49 41 800
33 27 927
1 53 898
41 28 696
29 26 406
53 9 889
44 12 353
41 4 418
11 16 271
20 53 553
10 26 357
10 6 433
4 49 896
48 41 852
27 13 151
41 48 445
24 26 623
21 14 105
38 51 646
44 34 549
33 30 232
15 44 17
53 50 811
37 1 583
45 50 877
33 5 662
27 50 333
2 40 518
16 14 105
4 43 605
50 2 744
21 6 205
12 26 245
48 42 827
29 28 271
40 11 56
12 35 678
52 33 893
35 44 467
20 14 927
32 33 788
28 12 911
12 38 119
41 10 363
22 33 883
45 51 522
11 5 793
38 26 31
47 19 145
42 29 508
25 9 94
11 2 414
48 22 103
13 33 41
32 10 253
41 2 317
12 4 61
53 36 982
42 37 684
32 1 563
51 40 182
34 36 640
11 15 605
26 13 294
29 7 491
12 50 82
50 9 85
32 29 409
2 37 459
16 1 58
46 53 236
52 40 621
26 14 953
33 5 652
1 20 306
12 29 61
24 1 233
5 11 534
11 21 809
17 31 281
29 25 19
47 38 494
19 37 519
19 38 230
26 43 930
36 20 358
53 26 844
12 47 483
38 22 602
20 39 997
15 50 756
49 3 143
35 12 804
31 41 536
38 36 665
21 31 288
18 10 631
8 36 917
1 7 633
6 50 174
47 17 897
13 9 145
2 43 545
18 39 476
5 39 565
48 19 519
37 20 856
37 28 442
17 40 125
30 17 573
48 13 436
41 39 840
34 41 477
41 37 680
39 34 482
17 9 521
36 40 653
8 32 127
48 43 723
26 35 483
24 15 971
11 49 107
31 20 756
27 8 603
2 37 361
17 18 389
2 45 248
42 6 721
21 42 681
41 13 766
49 24 503
33 9 880
29 45 992
24 39 416
3 4 523
13 45 219
3 45 415
21 15 593
24 39 929
47 25 70
41 37 425
41 23 443
5 15 257
53 9 342
20 50 155
33 20 801
29 37 666
35 37 742
24 47 990
18 34 863
18 43 918
6 28 54
41 14 373
43 25 977
6 32 177
52 11 702
50 42 563
27 25 308
45 39 180
4 38 662
30 36 695
25 15 302
30 11 452
20 30 703
4 1 331
26 24 409
43 38 879
14 38 422
25 49 387
19 24 363
37 49 796
6 11 19
22 9 959
23 11 58
38 10 694
6 1 205
47 45 481
37 40 27
10 48 249
45 12 667
50 29 907
24 14 22
5 30 24
6 30 295
16 31 175
52 48 705
8 1 821
33 27 627
4 50 527
5 18 193
11 25 334
18 3 283
16 53 668
43 29 193
21 36 884
44 38 718
7 50 817
43 9 55
47 37 78
32 14 828
48 27 660
45 9 458
9 28 164
18 40 954
41 42 688
29 45 608
39 16 351
40 25 946
33 15 120
32 37 266
18 17 989
7 18 460
24 38 203
7 53 935
20 1 177
48 24 54
4 5 727
20 7 198
48 2 239
38 39 407
4 37 259
4 26 729
7 21 652
1 9 589
28 35 34
10 15 828
15 45 658
4 42 444
30 12 277
13 11 660
23 4 95
48 23 622
53 10 423
41 21 868
7 22 791
29 47 393
44 20 417
47 23 319
12 13 553
39 5 249
24 33 941
17 13 2
31 4 902
26 44 698
17 7 117
40 49 823
45 31 71
34 16 700
6 26 511
36 11 119
50 21 456
18 12 659
31 51 820
25 53 529
2 28 858
27 42 839
48 6 819
1 47 64
22 42 697
34 21 336
2 34 896
46 37 706
40 8 739
11 6 847
2 49 168
19 26 794
6 8 246
22 45 492
12 39 26
25 21 498
18 34 644
6 27 154
47 13 922
12 50 718
48 22 370
19 34 654
36 12 815
4 53 875
21 51 205
5 38 784
2 44 158
12 18 733
3 51 162
38 35 257
7 28 870
43 9 101
48 17 59
18 44 479
8 24 169
31 35 826
14 7 287
17 43 699
10 16 35
36 38 96
20 10 482
13 11 468
32 6 717
42 20 979
