30 386
2 26
3 16 810
6 16 247
8 6 377
2 8 726
29 16 817
22 2 918
9 3 952
1 29 248
14 9 417
23 3 584
7 9 386
15 9 470
19 23 444
26 14 100
25 2 519
13 25 828
30 23 167
21 1 641
5 25 335
24 29 643
28 26 345
17 22 532
11 8 886
27 15 247
20 23 143
18 15 24
10 27 827
4 10 927
12 26 893
5 11 273
3 20 392
18 19 996
1 8 650
3 4 673
8 10 22
18 26 724
21 4 145
18 15 175
4 20 369
29 24 415
23 27 872
2 7 269
17 29 637
10 3 158
7 26 503
27 15 930
23 4 496
7 27 352
2 24 340
21 9 464
28 6 674
18 25 251
9 11 760
4 5 601
26 21 376
6 21 960
8 24 412
10 22 476
18 29 972
15 9 304
15 4 614
22 12 673
18 20 199
1 29 187
2 24 40
5 12 960
14 1 605
28 19 966
2 24 491
17 5 894
21 22 123
23 17 268
21 16 389
24 26 631
12 18 925
4 14 971
18 25 98
21 17 436
27 28 384
14 25 861
10 13 733
22 7 1000
20 5 198
1 21 373
28 19 311
4 17 146
16 29 961
27 14 223
10 6 647
30 12 717
6 14 505
12 20 820
16 19 334
7 25 598
17 18 236
16 21 36
4 17 802
15 21 322
14 1 425
4 26 177
28 1 750
27 21 879
14 6 142
17 11 945
30 15 682
7 29 528
20 11 887
1 9 295
21 19 96
3 18 13
5 3 145
9 12 288
28 7 357
5 23 788
11 14 444
14 25 696
8 26 887
29 6 298
16 11 412
4 24 214
4 25 319
19 17 556
26 28 185
13 5 656
17 26 831
5 18 702
10 18 349
1 4 248
19 29 649
27 12 998
3 28 17
29 13 398
24 17 93
1 11 71
8 16 978
5 11 331
5 16 726
26 24 614
21 8 709
17 24 565
25 21 375
3 25 350
9 25 60
23 9 473
21 16 937
13 5 272
3 21 374
1 19 851
4 9 132
3 25 180
16 23 555
20 10 890
8 24 499
7 20 979
27 22 364
3 18 548
24 4 208
30 25 342
7 23 581
10 23 931
28 30 943
3 24 507
26 8 468
14 5 160
5 6 171
15 20 865
26 30 738
1 18 195
4 24 385
23 24 146
28 12 303
28 5 192
29 22 473
8 21 831
9 22 747
21 22 789
13 10 681
17 27 531
11 9 987
27 5 949
2 23 373
28 2 554
6 25 695
10 23 69
11 17 937
18 25 11
17 18 289
26 28 257
21 27 525
22 28 394
2 11 253
23 9 380
20 12 835
24 16 686
18 17 200
25 1 679
3 23 22
9 19 18
3 22 802
9 21 706
14 17 987
30 26 108
22 24 233
28 6 187
9 19 202
8 6 841
24 21 701
30 3 822
16 15 981
29 26 345
1 20 381
19 3 325
29 10 677
10 16 537
16 11 834
25 22 830
2 28 172
10 24 185
9 10 349
22 18 814
15 25 165
4 28 233
18 25 654
4 19 750
13 24 211
2 4 11
17 18 169
19 25 965
25 29 426
11 25 535
17 26 254
15 27 610
14 28 461
22 9 478
24 27 69
28 1 12
2 16 726
12 30 668
11 25 692
6 27 468
20 19 1000
27 16 418
6 8 847
11 27 472
22 20 532
10 19 919
3 8 897
15 26 201
16 1 125
6 10 444
15 17 969
1 27 355
28 10 936
26 16 165
12 8 847
24 19 717
17 5 222
22 13 339
13 17 418
11 25 664
17 24 248
12 19 652
6 17 271
3 23 306
11 30 471
25 17 486
9 12 948
5 17 304
27 18 525
21 19 51
27 5 782
17 15 294
9 23 654
26 16 837
7 16 442
6 24 329
17 8 873
16 29 358
18 8 613
22 11 436
13 19 311
9 29 112
6 8 94
14 6 567
15 26 355
16 19 790
13 7 83
11 4 750
5 19 582
29 4 902
7 20 895
16 2 942
4 11 341
27 13 503
18 14 402
15 28 151
5 23 288
9 18 129
20 27 93
13 24 874
15 25 235
19 6 594
5 30 706
13 11 251
7 1 141
25 18 849
22 19 842
6 29 61
30 17 873
18 6 136
18 29 909
14 1 46
13 20 387
29 5 966
18 13 650
19 6 529
18 4 138
9 26 516
4 11 969
26 16 557
28 6 779
30 27 483
3 22 148
25 4 294
11 25 115
25 18 470
25 7 30
24 23 825
12 4 889
6 13 868
9 4 843
14 20 211
7 2 98
13 27 501
16 29 261
13 26 929
5 2 236
29 13 300
2 13 764
6 2 933
30 4 653
4 29 569
6 13 48
27 21 539
26 14 839
24 15 209
3 19 95
20 4 933
20 23 981
18 5 651
30 4 540
18 5 955
9 11 608
21 24 208
28 22 450
3 14 960
26 24 87
1 3 160
23 21 336
16 7 156
7 20 287
6 5 429
7 5 254
20 6 452
19 15 376
3 8 855
2 28 580
16 17 641
9 14 588
3 5 170
14 19 689
27 18 530
24 10 539
4 16 228
2 8 467
8 2 792
18 22 664
4 13 546
29 20 695
16 5 743
27 25 568
28 1 457
20 26 679
6 24 792
19 23 40
18 25 208
