77 3892
54 47
6 47 90
14 6 137
56 47 966
3 6 737
43 56 783
16 43 581
57 6 81
58 57 970
8 43 550
76 16 282
22 43 592
77 76 235
38 8 35
39 6 437
52 43 584
1 8 522
31 58 106
35 38 577
34 22 50
71 6 941
53 52 875
40 38 624
30 8 725
23 77 155
7 53 701
54 77 101
4 14 226
72 52 285
49 56 812
48 6 978
19 72 485
29 34 731
51 52 10
27 29 18
55 71 308
41 31 430
9 8 356
36 71 60
64 36 150
15 6 894
2 53 471
74 58 694
5 27 789
68 55 138
21 19 21
28 34 595
26 9 25
62 48 524
42 21 234
44 51 241
25 55 551
59 23 324
65 53 561
11 57 104
24 76 536
18 64 61
61 27 236
73 54 356
10 57 530
33 19 106
60 54 680
46 38 948
17 3 646
12 77 354
70 42 68
37 23 303
13 49 34
69 54 550
63 23 44
45 57 936
50 63 832
20 74 219
66 38 904
32 42 145
75 29 592
67 5 633
58 13 741
32 70 552
57 13 269
26 51 420
62 50 410
48 30 180
68 12 462
62 32 228
60 5 377
4 42 284
14 28 984
40 55 730
65 28 327
33 56 201
7 21 394
11 45 466
40 24 730
50 56 492
61 26 168
73 19 303
52 57 567
42 2 474
19 12 600
18 27 291
5 65 241
50 28 946
18 36 871
35 68 702
6 58 771
8 45 630
9 51 211
6 43 6
7 69 880
68 74 17
7 66 963
34 76 165
58 5 806
74 6 565
10 41 791
56 44 714
17 25 744
38 52 524
71 24 873
6 15 860
48 57 269
10 76 23
51 1 662
6 5 16
38 4 52
36 39 121
71 24 644
32 1 188
36 61 67
5 35 634
47 13 207
35 42 658
3 24 928
71 2 171
10 25 61
63 6 244
22 25 893
58 67 735
54 21 291
67 56 936
76 18 622
67 50 526
77 21 820
22 33 627
15 31 471
72 48 424
55 39 283
73 28 557
29 34 935
11 48 394
33 19 406
66 5 521
36 25 416
47 65 635
20 31 698
74 13 958
18 46 11
41 45 793
53 15 277
53 6 199
37 4 145
42 2 167
62 22 37
4 76 160
48 26 374
29 75 230
45 51 258
74 64 427
9 29 265
51 55 909
41 73 354
36 2 131
12 73 871
57 34 280
7 66 57
63 4 861
4 26 262
1 72 859
47 70 427
17 71 660
32 76 580
19 75 740
16 30 979
14 50 180
12 19 622
53 25 578
8 35 364
30 71 892
70 8 345
77 48 787
20 62 815
44 48 24
40 17 201
11 45 857
16 5 961
66 32 198
65 30 840
24 28 781
48 68 254
9 70 66
35 1 311
20 33 825
12 65 208
50 71 233
58 65 989
9 8 626
75 64 747
39 17 603
34 40 852
9 57 577
67 41 195
23 43 371
42 61 697
53 55 239
4 10 362
19 34 696
48 71 313
2 52 936
35 62 979
23 72 412
9 34 247
6 61 767
26 2 101
57 69 271
5 28 356
59 65 521
9 66 70
51 15 885
25 22 940
33 65 821
56 70 669
1 39 973
69 10 999
69 3 438
33 41 712
58 21 847
20 57 946
7 64 889
47 77 242
75 39 115
59 71 381
32 4 59
35 29 919
2 12 460
22 46 396
34 6 689
71 21 160
30 52 322
33 37 401
6 35 682
33 38 56
16 15 92
5 11 716
12 32 29
52 21 605
23 47 560
12 59 9
66 40 883
57 34 603
14 67 108
27 71 957
71 32 787
68 53 667
77 33 695
67 29 384
43 5 318
76 8 762
38 54 903
6 75 851
8 20 365
2 25 488
48 74 627
51 55 71
37 48 843
63 74 885
4 74 128
29 48 151
16 59 516
36 11 775
36 17 484
56 75 251
69 21 108
20 77 489
59 57 257
20 19 738
30 31 483
51 14 716
18 32 326
6 2 947
71 12 670
9 39 139
63 53 641
63 58 961
16 67 296
32 71 5
33 77 490
2 18 507
60 24 360
31 66 434
66 10 82
68 20 128
37 29 659
75 73 356
3 39 57
39 51 256
26 7 763
69 6 645
23 12 721
47 62 238
63 9 374
77 62 822
6 10 412
27 42 44
35 67 153
61 63 868
55 32 618
5 19 238
32 30 172
4 76 398
25 11 731
27 9 854
32 56 242
14 74 819
55 67 762
14 58 25
46 14 567
58 43 629
45 74 133
3 71 253
48 14 752
35 1 939
8 67 639
71 14 348
38 70 671
20 7 849
43 76 26
11 7 834
46 2 748
44 52 400
44 39 844
43 21 219
50 40 156
14 38 96
76 75 557
52 72 812
16 23 653
54 13 247
37 16 626
35 52 329
14 48 374
33 16 489
12 20 734
27 62 451
40 32 135
51 35 265
71 56 478
42 13 56
70 45 908
17 5 371
44 4 948
30 74 522
72 50 574
22 59 133
77 36 893
52 1 376
15 77 447
39 37 962
22 48 741
74 30 366
19 27 336
35 20 796
38 17 798
43 2 465
39 31 776
23 68 937
62 58 690
31 25 490
24 55 155
60 54 404
8 33 837
52 56 976
14 68 938
11 64 925
39 42 490
74 9 506
41 27 544
60 51 938
41 47 252
66 63 826
5 12 651
23 10 819
62 51 28
43 77 77
28 50 975
47 51 642
6 9 107
54 28 804
27 65 377
1 52 161
77 4 581
16 77 290
30 76 859
55 25 686
72 7 551
75 23 503
23 14 370
49 45 149
68 67 540
76 34 534
41 70 60
27 72 727
66 57 811
39 6 395
52 75 299
9 57 590
32 19 465
15 33 933
52 17 28
39 33 453
24 48 917
65 68 601
67 34 166
75 70 113
11 40 600
48 31 178
49 74 764
62 60 938
20 18 102
27 26 956
4 22 846
25 26 316
33 30 245
64 18 258
75 3 606
74 23 629
13 34 655
66 52 434
32 20 125
36 60 361
22 35 667
17 73 676
38 49 653
72 11 30
46 9 971
8 66 80
11 58 964
61 43 360
39 76 672
68 11 302
53 23 883
13 35 712
43 13 808
61 55 693
1 7 953
43 29 840
47 25 353
42 33 904
67 21 69
72 64 539
27 75 144
49 23 371
61 28 681
69 68 174
57 58 681
5 27 315
54 41 55
15 47 574
69 47 578
32 70 80
70 67 703
20 53 432
27 35 859
35 3 644
34 13 592
12 46 56
46 57 975
11 64 700
30 11 447
51 4 44
65 19 499
34 37 771
12 38 201
74 53 583
2 70 185
57 3 842
73 27 105
68 69 618
8 10 350
25 77 675
22 61 703
73 40 636
55 62 79
63 72 411
63 74 664
25 34 66
71 41 368
53 20 486
37 69 924
52 24 702
67 9 552
27 64 681
26 16 413
2 25 258
67 15 781
58 27 584
10 48 415
24 60 184
7 12 801
7 18 496
7 15 218
17 38 593
23 57 932
62 76 504
2 46 869
11 67 850
48 27 576
75 10 596
2 57 474
25 3 100
30 58 463
49 73 221
34 13 166
72 55 110
9 47 261
20 38 741
29 77 767
55 75 995
24 47 616
67 17 97
24 27 630
29 20 321
15 74 893
55 73 681
9 42 486
44 29 369
63 76 915
18 76 965
62 72 399
51 18 721
23 13 688
58 68 532
66 20 786
3 10 995
69 46 803
45 26 107
45 73 660
23 43 443
18 58 723
33 36 133
76 74 55
7 45 991
61 44 200
3 74 295
43 27 191
65 19 660
33 15 413
59 69 790
63 62 126
23 54 869
1 66 726
19 21 33
28 9 276
60 75 658
25 33 332
58 45 114
69 34 549
75 67 976
11 69 447
41 2 925
29 33 246
66 75 204
21 1 465
35 31 576
2 5 839
17 9 664
68 22 583
70 74 995
33 45 871
49 22 844
29 77 604
53 8 166
4 70 690
52 63 673
29 71 14
19 15 647
45 47 238
4 22 933
73 43 937
5 20 428
11 54 237
2 13 646
60 77 949
20 67 666
43 27 858
9 70 6
7 27 242
3 68 987
37 4 886
7 76 998
50 45 532
33 43 89
14 61 672
50 69 319
18 5 163
13 31 971
50 38 457
17 69 439
51 62 845
76 75 934
60 44 741
76 65 750
52 75 633
9 59 563
7 62 860
23 31 553
17 65 323
21 12 569
74 77 623
21 19 244
18 16 494
32 41 650
53 61 903
65 40 840
73 72 261
49 37 177
63 41 386
68 26 880
58 7 481
9 25 685
29 43 617
17 33 26
1 41 996
66 2 265
34 53 563
63 40 82
55 7 224
39 12 846
65 4 107
50 34 826
64 76 66
46 44 631
20 55 192
24 34 675
16 56 941
15 74 287
9 16 994
9 19 364
32 65 314
52 41 591
8 24 427
37 69 270
32 76 891
11 49 14
30 42 447
18 67 929
52 69 550
57 72 18
69 25 30
41 37 245
11 45 191
13 28 786
5 37 86
45 77 43
59 31 783
50 37 331
24 70 104
22 16 109
59 29 846
16 66 439
75 32 193
37 21 192
11 58 860
69 50 984
19 67 93
57 41 337
74 5 617
77 17 297
65 16 849
37 66 821
58 5 351
68 3 850
56 33 494
57 35 248
28 47 30
59 57 33
33 2 481
65 42 236
74 14 642
44 52 950
47 60 391
7 21 550
17 1 973
59 38 438
54 36 310
22 26 64
36 13 792
72 76 430
4 62 474
56 17 283
46 69 814
11 18 351
62 42 482
43 38 801
64 69 748
28 75 599
66 73 545
53 13 671
6 19 506
44 61 137
36 19 964
37 49 770
41 67 398
19 16 758
8 65 74
53 8 976
49 71 639
34 8 864
73 31 721
12 28 17
28 40 550
5 61 950
12 50 277
17 14 214
4 74 919
11 16 375
6 22 672
73 51 301
70 67 841
61 51 983
52 73 323
18 26 318
69 28 464
50 18 501
32 12 578
1 2 899
35 21 174
61 16 93
23 74 798
71 6 437
19 29 214
59 9 258
21 40 40
26 62 993
72 32 601
39 1 476
33 49 687
40 51 551
35 1 401
61 22 719
56 50 927
72 71 192
18 60 881
33 49 274
74 60 704
62 46 549
58 4 673
46 21 237
76 19 866
7 75 366
68 69 612
43 70 625
4 77 979
35 67 962
53 23 158
21 31 718
22 67 456
71 5 40
48 23 765
21 56 34
59 13 201
58 43 723
9 63 239
43 4 983
66 18 213
4 71 606
44 16 575
42 19 40
67 22 78
21 7 518
46 56 726
61 39 265
39 74 427
77 30 321
45 18 387
13 20 803
46 39 703
58 77 519
68 34 119
24 20 947
33 58 172
70 35 866
4 40 350
51 27 211
1 72 816
29 69 525
50 51 346
41 32 586
59 72 558
18 37 928
12 34 873
38 73 358
17 56 117
3 37 637
43 27 511
25 21 537
77 31 833
61 59 846
75 59 561
33 61 445
35 3 961
3 64 168
74 5 880
17 8 734
69 41 220
24 46 379
27 70 987
2 40 600
74 60 184
41 13 607
59 61 280
76 20 880
50 2 969
32 70 60
7 59 458
15 28 965
44 22 309
43 71 498
49 77 805
25 68 565
55 50 631
25 11 151
22 51 174
7 21 694
63 34 709
42 6 799
60 61 659
72 16 229
44 24 502
1 53 380
46 3 449
25 7 28
3 65 43
20 14 742
70 30 247
16 32 722
63 34 412
57 10 679
19 28 316
22 53 881
29 51 145
53 15 634
29 54 214
74 42 189
51 62 345
44 10 38
37 19 603
3 67 948
48 5 580
31 51 644
5 47 298
49 32 553
13 70 356
5 16 432
30 46 317
45 76 219
76 73 34
63 49 984
54 67 228
70 1 311
37 25 904
65 15 913
51 7 168
14 42 681
53 21 9
50 10 475
1 30 772
28 24 533
53 31 479
52 70 659
19 17 73
51 64 392
71 5 915
27 30 117
55 37 337
8 40 308
2 55 126
59 51 58
11 64 869
1 70 786
4 57 476
4 57 573
27 42 1
56 52 140
66 61 690
7 49 35
55 12 428
62 39 694
28 50 68
57 52 70
7 4 309
53 46 794
51 64 299
29 27 151
76 33 99
21 1 449
21 15 558
46 2 945
16 10 447
65 3 475
45 46 198
22 66 771
74 24 448
18 34 617
9 37 809
56 19 383
39 61 93
10 75 854
53 29 255
69 40 93
57 32 334
74 34 954
34 29 669
59 24 872
30 24 932
39 46 166
66 48 726
53 63 50
68 38 324
42 50 55
18 21 648
57 32 534
22 50 277
23 18 352
71 41 830
45 21 537
35 8 697
71 29 373
43 77 138
52 66 174
8 73 478
9 35 325
17 15 79
39 34 895
62 76 331
31 19 989
19 44 575
69 26 664
34 44 533
42 72 104
10 71 171
15 37 168
58 50 885
70 60 964
44 33 305
64 25 750
21 2 991
22 48 142
33 43 191
28 44 205
62 48 335
47 69 965
16 39 418
27 61 733
22 49 729
9 15 974
12 3 501
74 25 180
77 42 740
46 57 15
31 30 425
34 47 896
62 77 215
39 43 467
67 70 924
20 55 504
61 66 443
24 46 411
51 68 819
18 62 522
28 34 925
67 51 223
10 24 776
3 39 613
10 24 109
18 54 649
59 30 86
72 61 976
32 71 191
34 74 693
23 20 498
10 75 211
20 42 317
11 62 205
65 11 925
9 55 702
48 2 137
20 28 551
71 41 194
38 73 95
70 13 44
61 8 241
68 10 283
35 46 750
13 71 709
76 7 996
44 26 596
30 68 580
9 47 294
13 49 828
28 47 241
50 36 166
47 25 726
55 21 572
6 59 370
50 8 182
1 31 914
70 15 771
27 43 643
73 19 969
11 66 223
74 1 131
55 31 4
49 26 556
59 23 405
34 25 24
45 39 540
30 39 248
33 56 563
27 52 360
44 38 239
3 38 832
43 68 780
2 8 761
30 67 217
53 71 328
64 35 21
45 22 190
36 1 257
68 12 732
29 47 228
38 59 226
69 71 292
29 1 789
39 73 144
33 49 986
14 57 705
65 19 419
47 77 632
30 11 413
53 25 980
6 5 69
42 58 664
69 65 662
32 64 601
13 12 209
8 37 532
77 23 151
53 72 316
75 66 945
17 35 827
2 48 57
44 55 806
5 47 866
34 17 237
15 58 28
13 70 673
14 29 252
33 14 299
17 9 446
67 48 848
77 28 290
40 52 241
68 66 78
23 64 155
55 13 140
12 29 143
1 69 942
10 31 102
65 11 531
31 32 45
74 59 404
37 28 778
37 54 977
47 20 639
25 24 133
51 64 809
32 21 336
24 14 759
27 4 328
58 64 778
14 2 459
30 7 773
53 65 150
36 60 637
24 54 873
67 7 629
36 6 987
69 53 95
24 18 240
23 63 387
51 67 538
7 35 677
13 58 991
16 66 987
49 51 866
10 63 223
76 27 539
54 24 180
47 66 504
47 40 992
28 38 129
24 54 798
64 60 795
10 29 454
72 56 895
60 14 566
75 30 981
27 40 726
15 61 771
8 52 328
14 65 513
43 54 449
12 32 228
56 19 531
13 27 524
13 30 314
53 42 192
57 70 295
71 77 583
30 20 345
44 13 776
26 38 477
12 29 89
30 8 896
48 25 762
7 30 240
44 70 553
3 34 829
70 59 70
60 61 796
75 71 117
5 17 639
46 5 551
34 64 829
18 2 592
27 10 14
44 23 791
45 9 23
53 60 989
58 4 966
10 58 993
6 17 59
62 20 681
2 57 67
13 40 59
33 39 156
26 30 868
21 70 130
56 5 239
33 76 831
32 20 592
8 33 468
20 72 137
67 77 430
72 26 258
71 26 521
15 50 201
1 14 748
7 14 612
43 54 802
33 15 699
64 68 21
32 57 321
48 61 356
2 30 211
58 39 22
11 48 524
10 71 309
60 9 359
35 13 34
15 49 61
58 56 710
2 5 764
39 44 181
70 76 628
67 24 339
21 63 264
12 37 741
56 68 416
70 14 161
9 29 498
55 8 883
57 6 667
64 45 514
20 19 134
56 20 480
5 40 492
30 35 541
28 15 37
5 38 865
53 74 893
63 16 536
50 41 366
11 74 933
21 52 694
53 64 459
66 52 1000
59 11 26
11 26 940
24 14 854
68 53 515
24 59 489
16 74 76
38 72 873
48 59 944
73 10 466
28 46 200
64 57 82
46 60 314
8 61 820
28 9 302
31 6 333
51 16 815
36 64 610
25 32 642
33 72 61
46 29 764
51 59 10
24 8 60
29 17 108
37 71 861
37 49 469
6 54 294
33 34 990
49 37 866
39 67 853
22 53 623
35 74 20
31 25 533
48 31 635
36 8 461
28 77 931
60 43 752
4 34 688
3 24 768
32 1 604
56 1 376
44 19 189
54 43 980
29 68 808
24 58 953
74 16 823
47 23 520
6 18 135
62 32 788
9 72 733
20 27 555
59 35 217
18 74 563
68 33 90
10 71 936
1 43 904
61 62 357
20 72 421
52 25 466
61 43 9
36 1 959
42 67 976
74 2 252
49 51 324
10 9 228
73 34 400
45 42 663
9 8 323
21 43 552
61 2 311
14 19 337
64 30 916
73 19 819
29 76 744
64 41 701
6 54 338
19 28 517
73 27 382
47 10 242
53 57 314
29 9 960
12 21 71
57 28 905
59 22 248
6 51 523
58 66 110
68 62 895
56 2 942
7 60 550
22 10 378
2 75 724
28 32 782
51 4 356
29 38 374
73 61 405
53 75 612
6 75 300
46 4 904
3 58 949
4 13 558
75 30 892
47 39 67
28 60 108
75 44 650
25 51 775
35 69 146
39 31 718
56 25 828
27 25 207
21 51 570
60 45 797
44 65 375
52 75 565
36 31 582
53 30 360
76 21 693
22 64 409
56 11 363
4 73 474
10 32 619
58 23 252
32 58 65
58 52 201
15 58 298
54 2 608
65 41 632
76 68 239
55 13 709
19 72 765
56 54 529
44 13 330
57 36 914
68 17 779
70 44 855
3 51 21
45 26 907
71 42 316
45 28 308
29 56 498
16 36 630
19 59 392
36 14 648
73 59 119
33 74 577
24 43 889
73 42 283
72 29 156
24 59 155
69 72 196
7 52 366
36 8 587
24 20 544
40 67 149
27 64 858
38 43 602
45 58 842
50 7 289
31 22 142
37 12 703
16 25 415
32 54 807
32 8 219
24 2 56
33 45 229
19 43 282
21 33 844
50 26 555
40 65 467
48 2 56
57 48 896
46 56 580
17 22 390
22 41 792
8 65 487
42 7 376
50 47 851
34 64 37
12 61 887
30 4 164
62 40 980
33 15 441
59 26 467
75 35 255
54 21 316
8 2 342
68 29 917
65 33 780
67 42 1
74 7 893
65 25 330
17 1 814
13 43 962
3 49 318
74 65 86
56 41 804
76 55 212
71 52 598
3 71 456
22 27 392
30 48 204
39 61 1
43 64 380
41 30 72
28 70 40
60 33 15
57 12 974
54 42 377
3 72 947
35 7 954
43 45 848
61 22 389
43 32 157
65 24 940
48 68 358
59 32 366
75 59 309
64 9 548
34 76 497
73 14 702
26 44 109
76 18 435
71 26 57
19 28 57
46 11 429
73 3 670
41 19 233
70 74 46
15 6 164
41 68 824
51 54 160
75 52 473
24 46 519
37 55 858
71 77 444
40 56 84
27 61 775
4 44 780
32 38 329
19 7 193
22 36 282
19 54 198
14 44 284
62 76 999
1 22 437
58 72 551
12 63 46
62 67 41
39 4 736
11 64 835
7 23 803
44 4 202
69 44 614
11 2 10
5 25 588
39 49 734
37 35 781
65 51 641
44 34 497
44 53 549
54 8 446
1 47 483
35 59 543
64 7 55
71 36 424
23 38 783
39 37 141
39 24 809
14 22 464
26 21 180
10 3 480
13 44 600
49 27 969
20 42 813
60 32 443
77 66 625
28 49 794
23 32 349
73 28 54
10 1 660
28 66 356
16 22 823
51 29 310
34 66 855
63 60 432
56 11 153
25 29 922
7 31 946
34 20 607
27 65 517
27 41 490
46 13 29
33 35 309
13 48 483
76 58 880
40 39 536
59 54 341
29 74 877
38 69 965
24 74 411
39 44 227
68 44 541
49 46 793
35 38 436
56 33 141
68 56 291
48 68 766
69 39 307
74 62 423
53 37 841
47 31 503
72 33 851
32 10 727
28 3 266
7 75 885
10 36 584
13 14 958
38 63 710
50 60 261
25 10 244
16 46 867
65 76 955
49 33 173
35 39 578
62 24 856
38 56 449
60 2 905
59 44 646
23 54 290
36 73 353
48 57 713
68 71 882
75 64 647
15 39 344
49 61 325
34 2 127
54 76 461
77 50 800
45 10 749
13 69 862
21 61 590
51 69 304
46 27 751
55 66 502
67 42 285
23 31 26
64 55 992
50 49 989
36 52 266
77 27 181
3 68 134
72 16 199
12 67 26
9 15 972
40 52 886
4 35 630
42 2 445
50 39 65
40 56 377
38 31 516
10 61 911
32 63 662
67 4 7
16 11 98
59 24 24
11 40 225
62 50 218
18 7 700
64 69 952
59 72 799
36 75 74
15 48 39
25 16 160
52 37 265
28 39 785
19 36 308
37 52 925
74 44 486
35 5 469
27 12 432
39 14 570
13 34 661
22 77 547
76 14 115
3 46 545
13 27 793
31 3 179
22 31 721
57 8 636
24 35 225
63 24 575
48 49 725
13 51 9
73 66 540
17 21 746
65 42 249
6 20 590
10 72 925
26 64 682
43 67 185
27 50 324
46 53 252
51 69 41
48 49 456
61 17 272
25 6 771
25 28 36
70 22 222
17 5 469
29 76 276
49 13 585
55 76 70
65 64 674
20 67 339
31 4 993
57 37 460
16 22 968
60 54 267
51 71 414
18 63 364
76 69 69
60 40 318
44 65 859
53 4 837
70 28 611
39 21 610
74 62 781
33 9 793
10 27 363
41 7 590
25 56 54
60 52 17
30 47 630
34 6 499
64 61 479
63 36 638
19 21 848
25 63 847
43 35 480
21 5 315
71 49 864
20 35 752
70 41 983
39 36 420
56 19 876
33 74 118
7 21 560
24 8 485
49 74 645
17 21 191
59 14 694
20 42 875
31 27 277
66 61 698
16 27 411
33 49 43
37 70 155
39 42 108
19 5 330
55 23 869
6 24 537
17 52 667
2 49 812
68 34 570
72 21 227
46 3 773
76 69 24
47 10 826
24 42 662
43 40 123
28 72 401
30 66 468
31 52 354
21 47 138
71 11 428
15 61 242
23 44 218
72 18 694
7 55 513
40 65 133
71 49 528
1 76 805
46 77 527
19 58 672
29 40 176
70 45 555
66 59 881
75 18 692
75 24 113
71 48 106
11 35 661
43 38 579
49 25 927
37 64 510
42 72 797
33 62 879
13 33 395
62 5 320
19 32 53
26 36 562
48 30 245
15 34 144
9 46 600
77 35 227
71 62 106
73 16 146
14 16 691
58 6 656
14 8 294
19 43 550
51 1 11
70 27 275
26 57 959
76 20 95
20 56 362
76 7 418
18 20 710
22 16 516
53 8 13
11 20 530
4 6 346
58 31 217
69 33 513
13 9 264
26 61 638
31 48 855
48 54 694
29 24 181
67 51 67
9 2 135
15 50 617
19 7 684
49 74 213
33 6 566
22 73 244
10 5 72
7 67 680
47 11 966
29 46 481
51 74 18
72 24 720
62 39 877
2 69 998
48 35 244
21 11 934
1 39 535
9 57 648
57 68 129
8 46 105
42 71 268
67 32 401
46 3 295
46 8 108
59 42 740
25 11 833
20 48 96
55 27 800
38 70 19
49 7 24
57 25 113
40 49 304
38 62 696
42 12 239
51 71 595
19 20 881
42 14 158
29 41 343
74 50 943
51 70 21
35 42 67
14 12 715
33 24 47
40 36 870
33 10 653
71 4 781
16 31 775
64 56 105
9 74 870
31 39 983
58 32 594
10 55 821
55 32 137
59 36 469
13 12 600
19 67 42
43 68 254
64 22 772
3 42 542
52 37 296
37 17 440
63 54 357
35 64 506
64 37 85
59 48 960
49 24 180
31 65 367
26 38 973
48 27 798
17 74 66
25 76 793
43 9 250
68 32 921
47 73 677
75 59 780
56 58 992
33 65 116
48 26 90
71 17 829
56 62 605
31 7 584
11 76 377
49 11 623
7 31 623
5 32 918
38 18 780
54 63 788
69 15 745
15 75 743
32 53 78
55 73 91
18 40 547
10 46 500
64 4 587
21 13 237
6 9 851
33 69 67
37 24 199
4 1 366
29 72 759
29 72 338
22 17 824
75 45 33
7 8 446
9 37 398
25 29 651
37 6 975
19 20 660
19 61 537
50 35 532
55 64 496
20 38 43
27 29 368
28 72 869
49 26 619
54 44 869
50 42 977
55 56 173
48 3 426
52 61 266
27 35 716
71 36 771
29 17 923
26 58 455
47 20 978
37 2 154
73 59 229
60 18 501
52 6 952
19 76 24
5 57 544
38 24 648
47 57 499
2 23 908
43 50 562
18 77 636
18 70 694
2 14 951
51 16 847
74 62 951
34 41 875
57 15 442
44 66 1000
20 13 311
58 21 859
31 33 187
4 52 674
69 76 869
66 55 413
20 65 168
23 37 671
32 10 628
9 33 745
75 40 999
31 20 955
57 14 211
74 35 764
40 54 709
10 41 735
16 71 223
60 61 813
67 42 691
2 71 54
10 24 765
75 22 241
48 24 734
58 30 423
42 26 197
38 14 224
13 61 515
8 9 921
71 16 282
29 59 270
17 6 940
33 63 658
69 23 983
9 5 609
29 67 564
41 53 6
16 12 584
40 48 152
37 7 138
59 35 153
45 22 795
47 15 756
36 67 261
9 6 733
37 54 76
24 3 691
55 45 912
67 33 692
51 64 626
73 70 446
7 10 710
58 33 661
19 71 357
31 53 608
15 76 149
11 37 731
7 5 940
18 30 593
16 65 629
9 66 923
61 66 330
60 46 883
37 8 358
37 57 537
21 65 313
75 37 907
45 71 886
59 73 523
55 11 583
49 1 91
60 17 177
71 66 302
56 69 326
58 35 572
48 24 613
25 1 956
57 53 96
68 11 864
6 57 343
72 21 201
45 77 174
66 32 887
16 22 401
50 16 480
68 36 868
65 35 531
40 57 920
18 22 157
62 43 475
46 32 184
29 4 655
57 42 657
14 8 595
71 12 497
62 74 441
38 7 345
3 35 541
5 51 541
51 75 439
33 28 342
41 23 631
5 39 221
16 13 536
54 27 415
30 44 162
64 9 54
57 48 552
40 13 606
35 71 914
50 5 94
52 5 373
39 13 700
2 50 534
19 53 91
54 2 21
51 8 648
14 38 631
60 3 191
61 15 83
36 76 361
25 51 542
32 24 543
38 30 897
37 68 287
46 5 861
42 15 953
40 25 449
69 50 724
34 61 291
55 10 841
39 68 657
51 3 410
55 76 45
46 22 915
32 40 836
22 7 455
55 33 105
34 8 755
58 65 720
20 51 965
20 70 664
47 7 838
11 35 209
56 43 558
14 35 291
13 46 972
28 10 506
24 3 657
50 34 210
30 35 150
14 46 783
57 40 405
65 57 534
73 17 20
56 62 396
18 36 214
68 51 144
34 18 525
40 15 539
67 35 35
5 3 581
65 74 827
62 46 504
55 12 706
16 75 904
68 24 656
13 56 741
9 60 849
49 72 875
38 45 764
44 5 290
77 15 408
18 67 301
7 27 870
2 1 901
69 54 547
21 41 894
55 17 183
31 65 790
31 60 238
19 55 931
36 8 84
69 22 264
73 43 17
27 38 972
68 44 449
13 36 930
40 4 726
38 30 277
18 65 550
57 68 179
29 68 253
41 21 82
33 37 795
48 56 621
56 32 775
66 57 302
18 14 578
58 21 551
28 16 420
7 24 583
20 68 656
31 74 115
15 46 284
5 24 5
64 37 877
9 55 863
3 47 162
33 75 238
10 62 662
50 45 749
68 31 484
22 68 666
73 63 521
12 5 85
51 58 651
33 31 822
54 34 615
45 50 158
59 36 351
50 5 114
37 28 535
6 48 677
72 13 605
53 10 124
12 5 786
59 41 857
19 37 457
8 38 894
13 61 132
63 64 344
27 15 192
64 77 263
40 8 488
50 66 989
55 14 95
50 58 777
55 33 393
10 43 293
67 46 304
17 67 83
11 29 28
28 61 203
7 64 987
74 16 314
23 63 895
68 47 907
40 29 897
26 48 916
16 74 847
76 12 802
70 33 182
39 23 740
67 15 41
51 37 912
2 62 922
7 17 423
58 39 62
20 57 266
30 16 895
7 44 559
51 32 678
63 40 98
28 45 854
16 42 807
14 62 801
75 48 703
8 18 318
72 18 108
61 19 805
24 23 757
40 64 800
4 68 844
18 23 712
39 17 443
66 14 964
9 61 532
7 58 962
26 3 697
48 43 807
43 35 475
47 12 689
66 37 199
72 37 404
17 25 318
60 44 544
76 34 133
23 74 30
23 46 88
10 32 897
5 28 640
29 23 792
37 55 994
35 26 898
9 26 306
45 62 22
15 40 293
54 28 409
38 17 996
10 9 256
59 74 779
54 8 141
7 35 394
44 17 675
67 39 586
33 8 564
29 41 496
49 41 607
59 69 263
51 60 859
3 8 531
14 22 567
59 57 905
2 30 169
29 50 220
8 27 970
68 14 511
50 24 364
15 53 374
40 23 891
60 68 885
9 77 309
26 68 977
17 59 681
28 21 861
21 59 912
50 37 357
21 20 781
41 65 660
57 64 82
4 33 809
24 30 309
59 12 328
56 77 549
26 42 448
44 32 621
35 66 35
68 41 980
1 43 66
9 37 465
75 5 946
54 29 365
65 55 321
12 13 90
11 9 470
19 5 593
37 36 410
72 49 398
27 49 471
36 27 470
21 27 84
41 36 730
19 8 236
75 28 151
71 61 675
31 13 389
53 57 645
23 29 474
1 2 856
76 33 654
74 65 668
65 63 501
35 36 132
43 9 549
38 56 569
31 46 16
38 73 472
74 1 832
29 22 534
55 13 594
64 38 287
75 22 441
29 1 452
63 9 551
28 2 285
62 10 206
40 65 261
46 62 214
26 43 117
13 4 454
66 72 562
41 9 957
19 14 469
56 3 35
48 69 239
15 18 675
6 33 149
16 19 607
65 14 366
23 5 859
11 69 150
37 72 683
71 1 334
47 16 578
47 67 404
46 65 555
41 39 171
1 73 26
28 54 596
58 21 937
34 13 14
17 70 815
52 26 870
6 45 184
6 24 166
75 47 505
66 36 28
50 27 843
14 73 152
10 18 657
35 57 670
58 17 907
38 54 709
38 22 370
38 21 946
24 1 193
76 72 175
31 10 612
34 31 677
45 11 966
11 47 388
13 74 449
29 58 576
10 77 225
2 17 91
64 54 313
15 49 864
42 15 155
6 76 981
11 2 192
6 24 131
75 34 616
20 22 836
37 57 53
72 44 484
20 44 760
50 47 546
33 9 125
58 41 95
19 3 391
41 57 362
54 12 161
8 30 993
57 35 35
58 47 132
7 11 28
57 70 67
59 56 903
55 15 774
52 14 330
52 28 674
70 32 482
38 77 848
36 64 454
74 56 824
51 61 859
11 74 741
63 45 239
38 37 893
67 36 366
56 48 959
14 28 884
57 76 24
45 63 276
63 68 133
30 4 396
31 60 86
67 69 696
51 10 869
48 39 211
20 18 790
51 45 350
50 43 345
54 39 130
45 69 211
63 62 331
10 55 48
32 40 903
29 68 328
60 12 350
55 63 458
45 13 145
68 9 174
23 41 680
26 25 938
3 31 915
8 58 904
13 24 698
28 23 834
53 36 132
2 37 60
10 14 931
4 15 530
16 48 626
76 64 684
14 15 118
54 39 727
20 43 907
31 18 979
35 63 245
3 54 130
14 56 801
62 20 652
25 69 518
76 2 563
10 3 803
9 28 894
24 29 922
26 69 78
31 76 99
36 69 594
56 65 67
30 47 391
77 6 565
70 22 647
52 36 813
40 4 597
21 35 930
6 10 383
59 62 369
39 3 360
41 26 751
36 18 566
22 58 942
75 61 495
13 71 675
45 71 741
29 74 784
9 45 616
23 26 661
11 66 518
77 29 307
60 48 400
2 9 730
67 28 646
73 36 305
1 12 965
8 26 129
77 18 379
60 16 478
77 67 652
58 38 112
62 47 68
69 35 751
22 2 425
53 41 108
67 76 749
62 67 110
6 76 302
33 49 277
38 71 99
25 10 880
73 40 136
18 15 704
6 26 454
18 49 935
49 62 606
19 28 323
63 49 746
59 35 31
37 32 88
2 75 411
62 44 381
18 65 926
10 15 527
53 26 309
51 49 892
72 50 428
38 46 893
5 30 601
33 42 171
59 74 587
73 31 92
72 21 914
57 27 752
19 37 934
9 73 22
28 56 202
69 32 33
56 34 726
45 18 874
34 33 818
45 30 156
33 30 870
29 23 559
75 58 110
43 48 818
61 31 444
39 37 318
38 66 192
70 37 577
3 6 691
25 39 497
19 22 786
27 70 551
67 77 625
15 16 95
68 53 210
74 41 800
61 59 113
70 39 870
51 24 172
36 32 898
63 43 994
6 71 935
57 17 310
24 25 647
30 12 52
56 3 799
62 73 196
67 12 195
19 11 948
21 42 107
6 45 279
48 41 138
44 65 764
16 69 481
32 74 528
34 13 424
6 5 408
49 18 365
58 73 984
68 8 543
3 12 945
6 13 556
39 36 694
60 30 200
29 32 310
16 52 692
61 71 984
1 2 98
71 58 402
47 74 899
32 14 608
23 39 873
71 61 304
9 4 894
25 7 785
8 47 495
41 64 212
50 75 297
19 32 892
38 69 661
64 4 196
42 16 816
59 8 720
25 75 380
43 7 682
43 46 395
65 62 409
44 71 463
66 72 683
17 71 572
61 42 125
53 59 975
46 71 890
19 10 226
76 57 925
13 46 807
64 65 203
11 17 780
50 25 342
10 15 799
50 35 453
71 41 589
4 65 875
23 64 577
45 10 899
43 2 468
67 10 116
6 71 571
54 18 122
38 5 82
4 57 552
69 31 913
20 29 402
60 30 939
52 64 316
66 74 354
7 45 516
33 14 843
40 51 905
47 68 725
69 74 641
44 50 977
13 31 374
76 7 501
40 56 855
31 19 2
4 17 290
68 12 480
65 42 379
46 29 823
59 69 864
7 36 768
57 3 912
61 8 515
9 36 285
66 8 5
23 71 805
26 7 550
58 62 378
76 25 820
47 8 436
54 33 972
21 52 635
39 62 497
29 2 119
23 19 881
20 30 536
1 16 460
5 45 119
65 20 198
54 65 462
68 8 653
45 59 992
72 68 441
30 32 491
21 19 894
70 23 783
3 77 777
1 61 867
26 19 410
65 55 391
54 23 348
25 22 873
37 52 710
38 40 440
75 43 50
48 39 195
54 28 916
53 67 934
39 59 442
30 74 502
37 34 319
72 34 601
50 5 705
14 43 183
62 1 470
46 64 542
37 6 655
23 21 18
8 41 267
43 5 209
72 45 9
11 65 648
71 57 993
40 77 500
24 22 815
45 27 455
10 19 655
1 11 393
43 63 745
4 2 118
11 54 578
27 62 608
23 21 196
48 45 865
52 77 41
47 76 31
74 57 469
70 62 134
40 56 65
76 41 261
56 77 489
76 12 591
13 25 280
4 35 50
34 69 297
40 16 47
71 24 176
33 45 682
63 51 299
7 35 242
52 40 343
36 4 558
39 18 981
69 25 451
22 28 230
36 27 163
15 12 799
73 77 566
4 65 352
39 21 280
6 18 551
69 23 842
22 72 322
14 12 860
2 59 357
26 4 446
11 54 123
8 55 617
76 52 526
52 14 760
62 61 277
54 70 418
20 48 589
20 34 107
13 51 470
74 1 731
13 42 525
64 41 631
13 14 962
38 55 6
18 24 486
39 63 359
25 41 837
53 15 849
73 74 400
61 1 776
62 47 208
67 22 404
76 77 650
10 6 508
60 58 999
45 53 738
57 73 503
58 28 812
57 4 785
62 1 352
52 56 23
76 75 467
70 77 817
67 59 720
76 72 58
74 49 992
60 47 826
23 73 949
65 14 625
45 63 170
18 2 239
14 26 600
30 42 884
37 15 589
38 19 189
36 38 182
71 70 790
18 70 869
3 56 921
13 12 327
68 72 614
36 69 210
77 29 755
26 19 188
73 33 443
13 31 671
3 12 399
26 58 383
57 71 146
22 47 780
37 2 131
33 68 229
40 39 375
67 56 344
17 67 701
18 63 410
74 73 363
4 61 355
65 42 499
64 75 725
46 2 437
63 35 245
14 27 171
67 40 464
1 61 703
40 9 298
3 21 824
42 69 359
51 30 729
65 45 571
54 30 787
6 20 889
1 28 73
74 12 480
67 36 880
49 59 24
24 49 514
12 77 799
44 49 176
77 42 744
33 37 599
43 32 958
57 23 385
14 68 909
44 52 62
1 30 259
56 36 849
41 66 138
24 75 780
6 45 571
30 23 473
48 7 363
13 12 66
22 6 33
54 14 134
25 3 778
15 10 892
68 32 275
8 41 746
39 69 432
54 30 557
37 8 565
50 13 919
44 42 272
34 47 539
37 36 34
61 49 723
44 24 904
69 36 614
10 63 405
4 63 976
26 20 934
43 72 823
16 23 487
70 66 22
61 32 766
11 69 942
1 30 225
70 67 622
67 32 939
6 50 18
23 53 25
40 18 848
53 1 965
30 12 237
20 72 126
25 36 284
60 29 578
23 50 461
39 4 25
32 1 963
45 32 5
42 62 369
48 55 224
60 35 782
30 11 766
19 62 893
2 54 395
8 54 430
70 42 981
41 46 490
40 71 791
14 60 597
60 77 18
42 46 437
34 43 669
62 11 528
63 65 920
44 1 580
15 19 982
18 60 790
64 63 24
21 63 972
71 43 466
76 54 136
25 64 949
55 40 100
13 6 748
43 22 566
53 16 65
5 57 871
46 26 340
36 26 539
59 16 833
47 20 426
25 5 518
2 51 766
46 20 9
29 18 16
43 16 593
31 2 308
7 18 469
69 10 213
27 18 895
57 66 323
3 8 225
48 38 44
64 36 710
75 58 695
53 11 356
24 5 947
48 11 538
59 43 639
42 4 499
21 26 900
32 33 964
72 41 369
27 71 421
29 58 817
34 70 520
30 67 22
32 25 937
16 5 60
56 34 568
70 26 587
73 39 200
63 39 978
19 59 718
73 60 454
66 20 849
43 9 485
61 6 198
57 66 853
77 65 700
54 51 489
24 60 236
64 67 254
55 52 941
10 52 685
25 7 438
50 42 976
36 50 173
43 72 764
29 65 501
39 59 374
31 35 241
65 28 411
65 39 808
39 1 185
64 59 882
51 9 600
17 23 975
10 59 647
62 25 139
1 20 919
51 45 322
21 24 7
43 32 620
62 27 968
72 17 86
41 12 973
4 10 324
66 38 548
23 4 798
74 2 217
20 13 340
14 3 487
67 37 696
11 26 259
68 3 575
46 70 707
11 27 117
43 42 381
6 67 556
28 55 443
49 8 231
64 55 805
62 68 932
74 57 175
66 52 467
38 1 748
26 46 187
49 8 618
10 55 370
14 52 394
25 42 922
54 18 212
27 38 30
10 50 57
35 41 489
16 2 8
27 20 390
45 15 475
71 14 446
10 50 423
77 26 677
37 18 304
60 44 15
69 52 380
31 18 919
16 55 911
27 20 508
15 24 782
72 53 510
75 4 788
4 56 469
3 52 21
73 8 145
62 61 809
74 46 289
33 71 11
74 42 267
17 11 1000
9 16 319
5 21 894
3 26 284
34 74 45
73 35 1000
63 66 201
54 29 852
6 67 391
17 16 156
26 68 362
73 4 708
25 11 226
26 21 196
20 16 693
63 34 855
12 15 706
62 8 443
13 62 327
57 74 649
37 61 120
18 61 86
49 76 348
45 51 271
13 24 667
17 58 101
50 16 342
48 54 195
9 53 129
41 48 22
20 40 361
36 56 792
22 52 963
22 4 187
39 19 192
31 61 973
5 68 119
10 55 406
28 58 562
40 11 382
58 25 238
27 46 340
35 13 406
11 60 113
72 11 596
12 8 485
50 63 23
72 48 760
3 37 149
9 47 20
2 32 868
72 77 802
47 20 191
23 54 439
1 20 880
33 50 4
34 20 57
41 45 84
45 64 720
74 19 485
54 49 27
45 56 770
68 50 115
8 31 313
15 2 864
1 27 944
44 51 96
68 71 808
56 2 704
38 73 634
1 77 93
65 12 438
68 1 508
28 59 586
24 29 336
4 66 535
72 66 56
22 49 947
4 49 1
41 24 95
28 24 97
22 69 446
7 39 568
44 40 735
24 56 267
55 73 629
46 71 770
59 36 267
36 66 531
43 68 616
64 36 904
24 53 28
31 40 660
17 42 368
20 3 556
65 41 909
28 41 739
66 16 242
33 53 123
44 49 381
31 5 228
42 11 402
54 77 164
39 33 323
36 49 152
57 45 144
20 47 383
38 42 747
17 65 604
8 12 990
60 28 691
48 31 248
16 37 279
4 15 330
21 49 330
51 24 913
67 62 333
56 33 892
30 20 69
53 68 924
55 16 728
57 13 423
6 59 495
30 66 582
75 62 90
56 35 79
77 40 633
33 41 668
20 16 519
53 32 240
37 47 28
34 76 333
55 39 6
49 42 444
23 37 628
65 38 211
47 48 243
29 60 497
25 48 18
67 22 728
57 2 198
29 20 641
52 16 73
43 7 986
19 27 612
55 45 643
26 61 200
56 59 687
28 19 743
25 13 193
29 16 393
29 32 66
1 21 782
62 33 912
22 46 575
56 70 845
77 41 46
28 5 399
19 41 255
62 69 755
4 36 787
56 53 422
49 50 882
39 66 917
3 24 739
46 61 761
57 61 652
15 47 176
7 61 668
75 62 994
51 7 398
6 65 912
14 61 808
14 50 673
66 18 61
75 34 518
74 38 199
45 57 579
19 67 8
16 11 599
72 40 831
28 20 972
1 47 162
9 22 666
68 65 944
15 36 322
3 77 309
46 15 785
17 25 142
36 49 863
67 35 325
70 77 31
31 30 101
2 71 178
64 58 266
33 63 18
67 55 930
38 77 130
56 58 180
16 8 907
70 47 73
56 61 417
62 51 95
57 58 528
39 20 846
34 30 984
49 44 743
12 1 798
49 69 962
54 37 424
68 67 521
1 53 908
30 31 610
6 56 300
60 66 511
15 63 848
37 45 585
65 74 864
30 36 418
50 68 696
33 58 488
39 26 743
24 17 839
54 42 673
66 12 897
5 50 457
46 19 469
5 35 257
61 13 865
18 8 574
60 71 215
60 1 971
61 56 977
21 6 534
6 75 987
55 71 338
8 71 117
48 25 485
76 6 83
6 68 546
22 63 580
31 19 314
11 17 544
32 55 328
3 11 694
2 4 678
23 4 779
52 75 359
26 43 630
6 20 123
71 26 198
17 15 806
66 35 110
24 18 795
21 64 795
24 42 947
5 9 891
20 54 318
21 43 87
34 4 450
4 24 10
2 3 390
15 70 964
24 51 974
6 12 181
26 5 223
25 76 314
32 43 30
58 69 610
43 15 775
70 71 317
70 59 783
41 62 286
69 15 766
6 46 994
33 40 509
42 72 612
7 6 675
5 71 511
65 18 190
68 6 496
34 57 802
23 51 575
29 66 269
10 68 430
42 33 522
59 32 397
63 24 418
39 33 770
34 43 733
30 28 351
42 15 812
72 1 493
43 9 361
53 2 311
51 10 80
64 65 248
14 58 9
45 75 898
76 57 966
61 59 174
61 70 731
66 15 621
6 61 620
20 7 539
58 48 144
45 57 355
14 42 31
71 45 553
45 2 547
67 53 991
48 46 685
43 6 153
69 54 884
29 1 234
56 32 85
37 27 448
21 76 676
67 32 853
32 26 237
67 25 763
47 5 524
71 55 577
59 66 513
8 58 470
77 67 17
69 23 752
20 60 495
74 3 133
52 53 459
19 38 137
73 44 60
37 54 223
65 27 258
67 16 352
31 39 458
61 74 220
10 53 139
23 22 358
13 49 302
19 61 179
21 11 959
47 22 330
36 63 273
39 52 856
49 26 808
46 11 1000
5 62 953
51 21 131
59 53 983
53 19 267
29 38 556
77 22 221
8 32 950
8 77 325
20 51 567
19 69 24
26 40 93
63 76 652
1 5 693
67 11 770
38 49 499
27 3 727
1 38 351
16 12 969
75 24 721
14 20 762
4 38 304
58 18 491
75 45 276
74 55 996
20 6 484
45 54 507
55 70 690
43 59 175
11 29 378
25 77 334
49 51 462
24 36 320
56 2 759
49 20 605
43 76 435
2 35 984
71 56 8
40 32 816
45 39 400
63 39 756
68 7 751
24 25 399
6 35 602
65 13 205
69 44 904
11 39 760
41 34 195
77 43 582
52 31 945
5 63 263
20 35 365
24 34 799
76 47 586
53 42 967
10 75 231
11 64 720
65 44 739
31 60 549
34 50 32
32 36 8
50 14 337
61 12 361
43 67 705
13 60 855
69 31 625
39 21 539
75 21 403
38 51 270
40 22 48
56 43 955
77 65 830
77 72 280
39 35 938
31 38 622
77 34 368
71 12 41
4 31 366
26 2 50
9 3 104
77 40 617
72 46 824
17 37 379
59 23 180
67 1 93
51 11 783
22 43 188
29 68 109
26 5 837
59 49 705
15 16 0
46 26 768
50 17 788
51 30 384
63 74 56
66 46 278
13 32 902
9 48 909
57 60 821
18 13 716
3 70 882
51 29 649
55 76 301
2 21 624
50 30 502
32 31 44
68 49 801
27 16 443
73 34 395
14 77 178
70 8 418
66 36 890
7 69 672
31 55 610
53 59 630
19 17 692
28 54 397
15 75 143
49 66 739
38 45 580
60 35 860
76 6 824
6 32 129
16 65 147
30 17 587
22 27 734
45 16 42
22 26 448
45 20 52
60 48 822
10 20 742
70 6 261
18 61 936
3 60 525
2 40 458
34 26 702
22 54 25
23 33 54
54 47 379
4 26 708
69 37 307
59 16 572
38 13 466
1 41 267
2 26 653
26 66 348
24 73 370
77 25 59
46 11 964
48 37 30
74 41 572
17 7 651
53 7 343
55 35 751
67 77 545
74 6 368
10 56 156
6 13 432
58 24 435
48 74 324
22 39 531
40 28 241
5 17 246
65 44 945
64 31 291
13 61 687
28 43 256
61 41 628
64 38 296
32 16 355
40 5 927
15 72 263
12 63 767
74 52 609
17 56 350
32 64 10
21 9 307
70 45 14
41 7 666
1 40 397
39 73 988
3 35 841
16 77 927
18 77 648
20 8 150
65 8 602
39 70 38
7 65 699
46 19 717
36 58 761
28 48 904
56 54 401
9 61 870
29 54 979
2 62 186
71 43 768
47 12 710
27 43 565
38 56 932
48 32 823
16 24 712
76 8 294
76 26 279
33 66 369
76 5 672
77 43 672
65 43 544
67 46 282
23 27 276
21 36 541
70 63 465
20 63 466
17 46 55
73 66 821
23 11 55
33 74 598
29 43 709
8 46 980
61 70 648
61 16 826
74 45 977
46 32 878
70 12 366
12 68 381
48 77 796
3 30 787
44 67 618
47 16 501
20 47 702
36 44 561
19 76 579
21 7 395
9 62 101
73 29 129
55 64 646
29 33 554
52 28 674
52 76 736
51 43 172
12 31 723
37 11 728
16 2 912
11 46 56
30 15 869
46 62 566
18 52 543
68 66 360
43 2 387
58 16 780
24 36 443
74 68 421
28 74 530
15 27 14
47 60 197
67 6 795
8 11 911
56 13 252
62 74 623
9 8 582
59 8 144
29 7 331
48 20 511
49 69 490
3 2 390
7 25 5
29 4 597
59 75 349
21 46 77
63 47 9
73 28 870
30 76 983
65 56 231
74 4 509
44 45 326
2 41 709
5 28 19
36 18 824
5 7 736
65 39 785
70 33 411
48 39 60
31 42 633
34 6 589
17 68 143
33 61 725
73 22 19
70 11 641
20 57 663
56 5 978
34 64 549
11 54 896
7 59 319
23 5 715
66 23 555
52 73 106
10 26 655
7 51 415
13 65 327
3 24 876
65 64 784
67 36 600
1 33 123
63 17 198
66 44 890
17 9 855
37 70 336
14 9 394
57 48 271
77 31 372
33 8 384
71 33 271
45 9 65
31 17 581
66 41 371
22 3 219
73 33 550
56 31 621
44 11 872
25 56 526
9 30 368
57 3 555
33 20 201
50 37 952
44 32 316
5 48 91
55 62 787
74 8 546
68 70 338
35 61 341
33 23 801
48 29 552
39 45 653
40 54 21
7 66 240
46 10 308
36 35 77
70 42 494
51 21 403
76 58 926
71 23 113
49 66 679
61 7 957
56 76 437
40 49 250
68 40 600
14 52 327
42 14 162
64 61 355
58 45 872
62 46 500
68 60 279
33 41 55
54 19 591
18 48 542
12 30 248
25 56 618
30 62 889
75 39 313
34 7 927
48 67 884
40 72 556
62 39 879
13 36 545
74 26 392
38 41 509
55 68 234
9 57 9
1 42 473
68 18 912
45 12 44
51 12 483
28 20 25
29 7 598
72 58 460
47 12 844
64 76 956
33 54 402
56 4 817
24 62 635
65 1 837
31 56 245
31 52 664
12 72 936
44 71 317
9 69 512
44 7 439
55 28 854
24 43 641
8 43 921
34 61 251
77 56 310
45 12 566
77 3 383
4 30 535
19 16 124
40 3 845
66 2 950
48 77 607
30 10 940
34 72 53
16 37 147
50 26 688
5 28 293
52 77 623
69 42 643
73 74 329
27 72 52
76 67 472
48 27 557
58 57 474
68 74 430
65 71 198
62 27 486
59 66 603
30 60 265
64 47 780
64 46 441
19 66 877
32 17 681
51 11 997
67 26 867
7 5 407
11 66 699
2 5 162
4 16 376
44 66 390
49 16 604
32 34 314
55 73 357
9 11 869
40 6 945
32 30 623
74 49 264
37 6 609
11 32 951
3 67 455
10 19 714
64 52 538
58 7 566
74 25 862
50 17 393
12 47 108
65 48 178
62 44 314
52 63 406
75 52 835
16 9 452
43 71 161
47 16 849
13 30 690
2 42 741
58 73 168
26 51 117
69 60 394
64 72 362
49 7 811
16 73 903
60 7 383
74 68 668
72 41 771
31 69 401
53 57 484
19 68 606
23 6 21
12 66 816
64 69 464
59 42 93
71 40 263
46 13 370
36 45 807
58 71 95
18 8 540
73 66 792
41 10 850
41 12 351
33 71 250
68 40 267
48 67 566
42 68 948
38 6 422
54 15 699
60 61 827
12 18 95
10 20 894
67 74 660
14 46 777
47 52 981
52 13 679
43 69 563
23 29 363
13 71 573
59 8 114
29 40 671
33 43 931
10 42 446
65 68 917
53 45 912
33 42 761
71 36 996
48 69 723
4 52 559
45 11 810
26 24 822
24 71 696
46 2 392
42 76 473
53 56 258
20 8 6
46 27 722
69 18 278
5 76 877
74 68 408
10 23 449
60 68 616
10 59 170
57 17 520
4 13 404
2 61 868
44 59 443
28 21 236
69 32 35
32 64 765
35 38 417
56 23 179
70 75 617
36 29 696
73 43 726
24 45 745
30 33 681
17 26 384
18 13 238
47 20 910
71 54 148
20 57 233
71 24 605
7 47 77
67 19 327
31 2 602
20 72 518
32 17 247
74 11 813
22 77 937
25 51 838
9 21 205
38 42 374
28 39 502
55 63 232
8 15 646
14 13 383
73 74 462
67 33 639
64 45 250
54 12 231
65 10 403
19 48 400
28 40 727
23 59 875
7 70 486
35 9 116
76 42 771
42 19 14
54 66 600
53 77 244
3 10 624
18 23 132
28 51 512
48 43 834
74 37 1000
9 20 547
77 24 977
9 10 384
76 1 571
41 18 975
4 26 253
11 4 372
23 7 462
59 50 507
24 31 42
58 30 859
2 28 480
43 32 816
60 6 633
15 54 133
21 9 581
43 69 81
5 39 471
37 45 769
