73 2831
14 57
11 24 390
52 24 38
49 24 524
37 11 629
2 37 710
54 37 714
12 2 908
17 24 472
67 37 631
20 17 324
51 2 71
26 49 310
32 17 919
66 20 891
33 26 926
59 20 879
64 17 433
25 64 497
29 51 990
72 26 894
47 29 368
71 72 806
50 17 786
15 49 557
5 11 205
22 59 393
58 24 273
65 64 909
6 25 891
40 51 772
56 33 30
69 72 568
21 52 271
10 25 470
30 12 789
13 67 460
28 22 571
16 58 618
53 5 572
60 65 712
18 60 773
44 15 788
55 2 188
23 53 825
36 29 29
57 65 689
4 37 288
8 26 627
68 22 613
1 32 301
9 59 928
63 23 11
43 40 933
35 18 637
48 26 923
34 29 160
46 54 546
62 2 26
38 58 510
61 17 395
42 5 545
7 24 548
70 63 534
45 21 65
19 37 890
41 47 571
31 32 422
14 58 136
73 12 808
39 30 179
3 40 847
27 35 77
48 60 476
12 61 427
51 31 412
53 51 793
53 20 545
13 72 594
62 55 950
31 7 658
5 39 18
45 73 689
21 36 820
45 70 395
39 59 666
17 28 463
11 23 291
48 59 866
17 32 628
40 47 850
39 7 509
58 32 37
5 42 676
4 22 211
64 60 773
29 55 342
33 69 512
39 6 115
50 62 964
71 4 603
39 2 736
16 5 29
11 65 782
46 21 165
30 62 677
66 35 974
56 24 296
48 6 805
2 32 828
63 15 675
57 5 671
5 65 695
65 13 393
9 52 898
39 72 107
3 19 98
62 37 119
52 34 667
37 7 922
64 29 929
30 53 231
33 46 366
45 21 208
42 56 167
1 2 248
47 53 745
10 55 389
69 5 476
69 45 302
29 10 10
69 65 81
52 34 288
45 67 553
32 51 568
36 40 917
53 10 158
53 42 473
60 53 26
44 25 108
73 23 199
31 54 449
22 40 92
51 38 446
68 28 636
4 3 998
27 13 567
37 5 682
23 48 921
38 72 991
55 31 930
35 5 867
52 51 456
18 40 919
61 57 333
5 53 410
57 62 395
60 21 171
5 64 694
33 51 784
1 46 391
72 12 939
25 45 892
26 11 361
39 41 630
65 36 251
65 7 493
55 19 818
72 23 352
64 56 742
47 4 178
6 66 243
45 42 799
4 16 447
60 52 515
15 39 348
47 57 966
32 17 989
66 3 531
28 69 825
18 42 677
26 41 715
48 71 496
66 27 467
59 61 465
29 13 413
25 9 913
22 66 836
10 57 17
49 16 354
2 38 641
48 50 380
55 33 396
10 31 1000
71 39 795
71 24 515
27 17 288
34 8 973
61 56 66
67 60 71
8 13 424
29 64 200
54 15 421
4 62 218
52 64 700
19 43 72
8 51 700
36 61 680
39 59 546
32 30 570
36 40 292
27 71 208
5 65 133
28 53 198
73 30 644
30 7 822
15 29 291
37 58 220
2 47 664
64 61 598
34 44 874
1 37 647
63 19 728
39 42 891
57 42 909
40 21 106
40 68 951
44 30 175
67 61 665
71 20 593
59 50 848
2 28 553
55 32 428
48 9 671
19 45 416
65 73 3
1 65 689
35 43 41
67 8 176
30 20 30
70 3 355
9 25 313
60 39 813
38 54 896
30 41 331
43 36 288
36 55 217
33 4 318
21 19 180
19 55 948
57 58 610
61 23 462
16 66 756
6 63 107
60 61 928
20 66 783
70 46 201
73 49 251
71 55 524
15 44 366
53 38 914
60 67 462
51 39 226
51 1 895
53 70 7
15 5 814
61 15 546
4 33 165
31 27 94
17 49 754
62 18 831
9 8 280
5 60 222
48 31 834
3 13 927
37 9 340
36 13 533
69 42 304
55 17 620
69 26 99
58 17 700
45 49 43
15 36 704
24 54 852
15 69 734
28 58 532
19 48 246
20 59 79
69 20 189
51 22 469
56 7 813
40 23 234
23 26 197
52 37 605
5 34 625
53 27 755
28 6 448
26 64 863
56 33 69
39 42 717
54 27 196
48 38 605
21 40 53
1 15 800
4 26 619
33 11 646
1 45 458
55 53 445
38 3 275
33 35 509
55 67 557
3 14 335
4 50 324
70 67 795
33 73 829
66 3 316
30 23 93
34 52 389
68 45 723
26 70 32
16 37 636
33 67 430
7 6 372
34 56 850
5 18 368
70 68 49
24 25 29
69 68 341
17 9 884
71 60 628
5 14 967
30 35 6
35 8 552
22 30 935
8 27 62
34 25 248
1 33 132
53 72 46
29 61 367
70 61 446
30 29 49
22 51 165
45 25 295
21 16 744
40 33 379
28 4 797
28 48 272
15 3 58
46 47 870
36 72 625
26 23 492
37 66 708
30 44 688
30 71 583
2 63 364
35 55 202
24 37 350
32 17 764
22 10 725
10 29 356
44 61 832
19 47 286
33 15 621
68 67 93
9 37 673
54 56 291
61 31 112
42 56 573
46 69 200
58 9 166
14 2 77
55 35 25
43 21 357
40 62 948
45 20 874
6 47 276
40 17 306
45 73 14
23 58 779
20 13 201
61 65 842
6 71 652
51 42 719
4 53 669
59 22 339
50 4 541
71 36 675
37 3 140
24 48 224
41 11 660
32 63 28
30 55 526
45 20 922
13 43 61
16 12 614
1 31 902
31 23 609
24 58 690
64 2 547
37 13 744
69 10 641
14 47 511
34 27 675
34 12 730
34 22 183
21 67 533
10 20 685
70 28 697
17 27 925
41 13 254
47 39 497
45 12 997
17 41 275
69 54 827
72 13 870
35 8 499
57 27 966
35 41 167
4 32 860
71 40 906
1 55 614
7 51 385
16 49 618
3 71 862
38 57 900
72 18 810
16 11 454
38 1 7
23 57 368
51 30 357
67 58 482
62 35 961
52 35 385
67 68 155
46 6 178
25 16 290
28 7 526
65 31 540
44 49 894
51 14 267
45 5 640
7 26 97
70 28 300
47 72 83
57 70 446
28 37 508
21 1 503
71 48 334
41 4 54
61 39 958
14 48 401
21 16 189
50 59 891
56 23 793
17 31 674
71 14 400
28 3 625
49 50 696
19 63 320
48 35 644
27 21 700
28 1 725
55 25 861
8 55 237
33 65 216
68 47 751
65 30 275
15 33 297
51 67 863
19 34 793
2 52 227
21 18 269
69 28 32
14 66 294
65 49 933
27 63 287
57 25 110
3 2 466
10 47 417
10 14 71
71 52 212
65 35 513
56 32 451
34 35 542
9 28 377
12 52 945
34 30 205
63 1 936
7 65 72
50 24 195
45 6 583
8 9 699
46 52 105
5 16 431
25 27 659
37 58 879
56 23 560
4 66 524
13 55 110
4 48 526
11 55 893
60 67 588
73 57 712
21 41 273
59 1 736
48 30 370
33 61 867
67 58 293
47 28 511
47 37 206
2 28 31
66 36 98
26 7 423
72 19 213
9 21 356
40 48 169
15 6 939
2 23 372
48 21 555
19 30 707
71 69 154
22 8 3
27 34 73
19 18 972
53 25 35
41 54 439
27 12 526
4 18 566
10 29 754
56 53 347
25 3 499
44 62 402
60 70 489
22 49 57
54 48 639
39 60 227
54 38 490
17 56 209
12 16 364
6 33 977
29 16 696
56 21 588
1 52 809
22 19 496
6 41 858
22 36 791
25 65 614
6 22 55
48 27 859
44 4 758
65 71 709
7 25 49
59 41 403
27 13 591
18 14 655
44 27 802
12 41 453
72 68 109
36 52 474
9 15 259
60 73 545
7 25 520
3 31 704
70 7 49
10 21 45
52 31 869
67 37 354
28 42 542
40 12 319
28 38 208
55 67 146
44 14 806
53 54 142
73 13 381
58 53 19
24 55 951
49 39 41
67 12 10
20 32 746
20 9 472
63 6 564
72 15 844
38 32 261
51 46 927
39 20 596
15 37 204
65 29 21
4 31 585
22 11 280
3 46 339
8 52 752
8 65 134
64 33 71
2 6 181
38 39 526
29 45 485
35 55 903
46 10 548
9 27 248
35 4 538
38 40 184
58 24 827
15 44 930
23 45 189
68 28 971
68 72 758
33 12 413
1 4 13
13 12 357
39 9 423
14 13 541
57 54 30
24 72 215
30 37 435
48 43 801
10 51 139
7 56 853
51 2 747
58 24 256
18 73 978
72 22 175
18 24 216
56 12 387
20 34 870
2 49 41
16 69 94
66 1 320
5 39 202
39 65 445
20 57 660
64 34 148
1 55 894
67 45 984
3 39 89
15 29 667
18 28 47
45 35 731
42 72 687
32 54 306
7 30 436
57 55 349
30 71 898
14 1 654
25 73 616
43 64 40
14 21 654
39 61 878
4 14 27
10 44 485
20 5 414
28 19 638
70 57 882
3 29 419
31 48 617
34 3 175
11 49 813
18 16 161
41 50 25
73 67 0
57 2 749
72 23 448
73 25 573
12 20 454
21 38 89
61 43 860
54 66 184
9 19 634
57 3 706
1 61 633
50 55 556
46 49 387
8 45 492
37 25 572
59 32 28
2 23 460
27 7 120
54 72 105
43 26 727
66 70 748
23 51 289
69 59 763
48 3 896
42 52 212
27 7 609
24 58 923
30 63 67
20 15 506
43 72 25
28 9 246
67 52 740
33 1 714
60 12 371
3 61 69
28 7 358
45 38 523
43 32 977
53 48 563
39 27 432
15 33 834
13 18 847
5 30 984
12 3 90
72 23 590
57 72 116
67 26 587
4 33 185
72 7 14
25 7 487
35 31 517
45 1 795
6 17 997
18 69 608
24 6 275
25 40 392
41 31 61
43 69 676
28 26 774
63 4 260
47 64 547
19 45 513
41 20 851
46 26 263
42 46 326
61 51 190
28 41 904
67 52 742
56 16 920
28 10 371
20 34 262
7 61 221
45 17 314
24 23 492
50 27 964
10 23 625
36 34 949
37 18 13
51 59 653
34 56 875
29 64 546
62 30 948
59 11 880
33 66 113
38 68 14
2 69 302
1 47 663
7 26 397
66 45 887
31 68 572
6 50 161
49 1 173
40 17 931
19 59 226
70 40 694
15 31 26
24 36 911
64 12 647
31 48 589
39 43 838
29 36 570
38 42 181
53 19 267
56 33 96
1 34 522
15 70 498
63 13 360
47 72 451
45 56 342
36 73 108
73 45 982
42 66 350
7 23 871
57 51 783
73 4 988
53 1 89
23 20 12
41 51 247
14 40 589
50 5 378
28 55 459
26 25 716
30 53 94
32 26 783
18 5 154
50 26 725
14 60 869
73 71 448
38 6 31
42 57 276
69 10 93
52 26 588
15 50 948
48 14 285
61 1 889
28 51 2
29 61 392
62 36 90
60 51 101
44 37 993
23 7 755
14 21 6
14 64 326
31 44 52
32 61 484
68 60 203
27 66 63
13 64 706
17 64 430
6 60 536
68 37 181
56 53 544
52 20 593
32 58 289
58 8 390
48 66 246
7 20 18
12 47 192
68 72 484
10 21 194
61 70 139
44 19 347
14 59 730
41 39 911
60 40 774
57 71 865
41 43 781
50 34 570
51 49 864
56 11 948
43 55 52
21 40 22
23 65 580
33 4 674
25 67 436
68 32 848
65 54 740
26 25 521
66 36 612
53 23 405
6 67 88
18 8 675
41 13 100
42 20 72
51 54 875
27 18 319
47 70 738
44 50 490
26 33 115
60 17 496
42 53 457
70 34 367
62 17 870
32 33 210
70 57 456
44 30 301
58 60 498
16 59 284
53 41 875
59 55 112
28 1 171
21 67 975
8 65 728
38 46 416
73 63 877
20 27 939
17 57 338
27 47 336
26 50 289
29 72 806
42 16 780
22 49 468
47 62 3
71 37 830
65 67 755
73 33 671
13 49 188
62 40 120
42 58 208
48 24 811
42 23 971
10 52 954
60 29 394
27 20 803
8 25 420
49 18 184
70 36 611
73 15 560
62 20 968
33 59 240
63 70 55
46 21 410
57 36 849
12 24 364
18 25 283
53 27 95
34 55 900
37 51 546
39 19 10
61 56 592
26 55 615
60 51 680
69 43 565
28 43 277
31 21 692
6 14 788
24 6 492
21 9 874
71 32 921
13 51 957
60 67 799
51 11 186
59 51 871
36 1 834
70 56 228
29 53 818
31 29 846
33 69 699
27 16 335
21 61 994
3 31 823
61 2 438
43 17 720
66 27 361
50 41 346
9 56 426
54 49 721
5 20 151
55 45 670
53 64 116
38 33 306
57 1 369
52 17 644
6 53 353
38 59 422
33 29 177
54 60 665
8 73 81
7 65 522
58 57 492
56 3 218
68 33 876
36 14 803
26 11 692
66 27 28
24 34 260
46 70 232
19 49 599
32 70 888
61 33 364
66 42 87
19 65 942
38 8 809
58 24 917
40 49 29
42 1 364
46 72 945
30 38 46
14 52 867
46 57 707
38 60 23
51 64 591
7 34 299
29 38 532
69 10 422
69 40 837
37 64 508
42 19 129
47 26 844
26 32 640
34 20 585
3 19 151
66 1 614
16 67 74
56 37 430
72 8 364
20 18 926
19 25 886
33 39 47
53 11 708
26 57 586
5 6 278
28 53 644
42 9 441
47 70 101
61 47 83
36 6 280
27 44 862
23 54 412
34 7 127
20 4 886
24 4 896
29 35 361
23 64 12
21 66 478
19 13 233
58 55 277
47 52 128
13 44 252
71 3 19
63 56 995
45 54 866
53 44 441
41 14 657
73 70 489
53 10 316
61 45 667
33 28 147
13 2 964
5 2 49
23 27 657
65 41 283
69 72 969
60 16 781
52 49 958
39 5 151
49 39 758
32 69 26
6 33 962
60 1 86
42 12 973
44 58 134
17 61 575
57 55 642
60 4 273
31 14 243
70 26 660
19 20 944
47 70 509
43 49 170
14 25 260
28 39 649
66 33 996
12 63 473
51 66 46
3 72 466
5 45 974
6 10 569
55 51 797
21 3 273
70 22 392
6 22 399
4 6 444
6 30 123
41 27 341
31 12 947
38 27 813
26 7 755
26 3 481
49 67 881
32 71 494
62 47 989
49 4 395
64 13 275
25 14 707
41 6 426
17 46 936
52 11 513
31 57 59
32 48 256
43 52 632
28 42 378
50 21 697
27 33 846
69 2 374
69 67 362
32 28 807
12 40 381
57 60 623
13 54 948
71 69 462
67 60 679
64 7 511
3 71 307
28 10 231
30 70 621
31 44 453
70 17 593
26 68 859
38 39 189
2 14 905
20 37 789
28 38 115
29 19 805
37 28 925
30 72 762
46 48 590
63 50 179
30 27 355
62 70 266
61 4 548
36 64 168
54 30 157
38 33 333
44 24 555
15 32 136
25 3 189
45 55 98
39 1 522
45 29 440
26 52 962
65 35 964
52 43 203
73 68 214
3 39 698
20 67 317
63 67 285
4 14 706
32 45 523
19 28 954
68 71 896
55 69 138
29 9 726
3 51 389
67 16 829
52 25 739
47 27 807
1 51 68
65 28 518
72 29 587
63 65 160
18 29 443
46 65 357
51 40 573
43 31 163
69 67 795
49 21 612
38 39 849
70 50 255
42 44 404
24 33 643
8 30 317
45 27 526
20 26 232
41 4 237
15 26 779
29 19 989
20 9 380
35 38 312
25 15 289
35 40 89
70 13 609
21 38 560
55 25 367
41 49 675
57 22 316
33 7 820
10 61 596
25 59 180
51 11 492
12 23 274
52 72 975
66 23 676
70 59 233
3 28 292
6 15 512
14 31 731
2 35 456
7 63 123
67 8 758
33 22 127
52 27 70
42 48 47
15 66 835
16 35 671
30 36 94
37 69 643
57 1 990
70 37 930
10 70 303
52 13 897
10 24 91
56 62 391
35 20 478
9 72 82
34 45 791
11 41 626
12 56 709
44 7 760
29 41 272
57 24 407
3 72 120
41 61 391
29 37 107
67 58 577
18 2 498
20 52 267
2 62 165
14 13 266
13 37 204
58 9 789
42 64 423
57 65 144
7 56 411
14 65 176
37 65 5
2 40 602
47 14 996
34 59 526
71 14 651
15 23 398
20 50 557
24 72 424
15 23 788
10 27 493
20 58 728
73 6 582
65 43 504
73 50 279
3 58 553
20 26 314
43 7 574
41 45 489
68 6 458
68 50 343
60 27 894
30 25 549
46 47 162
7 5 427
1 5 778
55 34 571
73 28 143
23 7 858
65 29 294
69 60 347
63 66 618
6 14 914
8 18 536
13 27 169
38 33 833
51 17 957
60 33 74
67 52 862
9 14 335
19 34 991
25 26 738
45 69 867
2 22 452
29 6 738
70 35 329
23 4 223
11 8 16
20 58 761
51 28 678
52 5 505
57 15 651
22 43 58
30 28 299
3 65 575
49 16 349
19 23 908
34 13 358
48 60 558
56 3 351
60 66 730
42 58 778
60 25 846
60 2 248
23 27 620
61 68 135
68 28 109
66 67 772
4 7 716
51 42 752
40 46 710
35 15 57
44 43 202
64 14 706
19 53 829
2 6 551
52 50 990
7 19 194
3 14 440
40 23 989
38 35 527
6 37 972
30 40 213
5 68 584
49 1 537
20 3 254
29 6 10
15 29 321
36 11 121
60 45 989
39 58 89
27 68 859
13 56 617
10 57 576
18 33 206
41 52 751
55 14 4
3 1 14
34 22 84
59 5 280
5 42 340
4 21 204
50 39 188
25 60 552
12 60 242
63 34 167
21 18 438
51 68 839
69 44 611
41 26 757
69 62 808
58 61 127
10 49 855
7 13 142
39 56 652
54 61 7
73 66 557
16 68 825
2 60 709
61 22 175
44 26 503
49 12 194
39 62 556
31 33 531
25 52 907
37 62 481
55 42 21
47 40 700
10 18 72
23 17 81
37 59 786
34 5 697
20 63 496
5 46 181
35 17 237
37 72 309
73 37 28
43 23 16
41 70 1
32 27 648
39 33 438
54 59 990
22 5 514
28 13 945
64 25 448
16 36 725
27 64 248
23 69 49
29 5 745
34 48 925
8 10 586
39 13 546
48 40 301
49 62 516
62 51 481
61 21 107
33 10 792
63 57 690
5 23 80
2 37 898
53 58 392
14 32 389
59 31 577
57 31 891
18 59 808
38 17 88
49 64 729
54 37 684
47 57 829
56 39 218
52 16 511
61 14 802
27 56 725
14 53 793
19 50 865
8 68 644
33 27 414
8 14 784
71 40 620
9 72 812
38 24 704
28 45 672
8 36 25
34 2 422
23 2 261
66 65 4
60 35 790
17 13 586
32 57 265
72 43 21
12 59 527
72 42 974
18 45 584
17 45 786
2 31 956
14 31 126
13 26 72
63 37 346
4 36 407
37 26 90
42 52 970
53 5 194
20 13 250
70 22 695
65 47 554
47 64 134
10 36 806
58 2 986
67 46 96
36 9 551
20 18 184
32 62 591
71 43 187
53 17 272
5 63 102
5 51 684
39 57 453
2 67 561
67 5 9
66 17 774
20 54 955
40 44 138
68 64 11
54 17 637
56 27 882
27 46 757
5 49 631
36 31 238
20 67 971
22 19 140
16 1 969
71 17 682
57 51 579
32 64 42
63 54 719
31 60 491
31 44 658
59 4 579
37 51 904
26 62 287
68 17 627
1 60 850
15 5 745
45 34 428
22 48 766
57 70 573
51 16 334
27 10 424
30 21 912
56 42 94
18 25 365
3 70 571
8 67 392
40 32 621
2 62 221
37 35 556
25 46 757
52 44 843
8 29 228
66 28 92
6 55 733
68 7 713
67 21 213
13 70 458
9 70 60
7 57 215
10 52 58
16 6 742
31 1 301
5 69 909
65 31 489
42 48 805
37 73 593
63 25 859
71 66 831
19 35 115
41 19 40
53 61 885
63 45 476
55 21 172
33 20 661
57 50 549
53 6 492
47 42 992
59 44 744
57 29 613
56 32 869
25 69 410
30 45 5
46 67 329
49 53 261
52 39 997
58 44 135
4 57 77
17 38 726
53 40 503
45 50 487
23 47 937
68 47 756
73 18 950
3 27 93
27 43 283
55 23 196
10 20 869
60 71 168
62 30 663
28 17 353
26 28 92
3 10 129
66 12 887
35 64 917
30 68 139
44 54 920
48 45 435
58 45 149
17 44 555
68 60 583
42 9 68
34 31 278
27 41 697
20 37 476
56 61 177
69 60 183
53 3 978
61 19 343
47 35 669
16 48 534
9 28 641
39 35 961
61 66 758
72 1 782
69 68 486
26 47 110
33 59 245
9 57 842
67 43 921
56 17 604
49 25 63
66 13 350
5 23 230
70 36 630
18 22 391
53 9 493
42 29 606
55 54 503
2 5 921
64 39 51
20 49 808
9 33 927
35 11 446
46 6 137
56 5 403
61 31 376
5 3 808
69 56 879
50 9 758
51 9 803
38 35 505
28 40 881
51 54 402
19 10 772
40 42 161
18 58 632
68 36 769
47 50 390
13 26 244
64 65 107
15 25 189
9 31 740
59 16 490
16 51 408
56 71 912
8 17 18
14 54 846
12 61 717
21 49 773
13 20 30
28 40 281
55 70 631
16 13 978
20 18 751
28 39 525
17 68 295
40 14 186
43 6 978
53 7 49
4 29 87
29 21 539
54 15 981
26 18 377
73 71 442
15 27 729
24 37 235
13 42 296
38 69 72
11 57 196
24 45 506
51 54 13
20 58 410
70 44 270
3 44 947
9 69 838
48 35 505
39 68 32
58 40 544
35 46 534
42 45 21
31 21 710
43 61 100
68 43 289
30 38 937
52 4 639
73 53 791
42 37 502
7 39 0
13 54 624
67 18 446
64 56 557
52 18 707
39 50 910
8 54 878
2 49 957
72 13 927
72 33 605
5 36 274
55 26 192
56 9 116
61 17 320
21 12 659
36 48 73
41 61 810
53 34 358
72 45 48
50 43 541
4 65 184
18 56 444
32 2 852
53 33 894
46 33 692
48 37 748
8 72 427
48 9 926
9 44 795
11 19 409
5 70 394
56 55 224
59 42 412
61 70 349
36 68 16
23 16 597
30 36 166
61 27 390
8 56 645
51 67 493
27 9 186
69 38 351
32 63 847
33 59 158
15 19 661
43 18 195
26 73 196
39 30 361
40 19 757
29 42 411
29 73 101
41 70 439
22 36 693
20 2 206
16 5 607
72 50 235
4 37 687
20 61 416
9 47 452
37 16 365
61 59 987
57 48 205
51 5 781
20 23 120
40 52 436
50 73 260
65 21 296
50 34 807
69 53 412
31 68 706
16 56 416
18 47 50
48 67 94
7 50 375
32 9 275
56 45 318
24 14 689
7 13 434
49 43 919
24 41 70
34 65 439
60 28 367
57 28 902
55 70 693
4 40 603
42 29 167
16 11 947
37 44 962
65 20 532
38 51 1000
30 17 57
56 4 414
72 20 123
18 33 763
58 20 959
20 65 671
54 66 381
18 40 961
53 52 215
7 54 75
59 51 77
18 20 251
30 5 191
25 28 123
49 64 646
5 2 907
34 11 873
5 3 227
45 60 276
9 28 216
26 63 545
37 51 627
56 13 610
26 23 214
27 7 802
21 41 54
68 71 637
40 67 115
12 35 741
1 30 979
22 32 850
8 13 501
72 42 174
63 32 245
58 37 523
45 20 83
59 72 251
32 38 152
32 3 655
10 45 84
18 25 126
31 1 508
44 3 181
27 33 969
2 25 39
1 41 173
55 50 445
31 11 627
29 12 520
8 73 917
25 8 350
19 33 283
31 60 376
39 20 871
18 68 911
64 16 717
44 65 790
37 56 346
7 47 674
14 16 40
66 6 294
46 65 524
27 54 561
19 66 548
55 36 300
32 51 203
73 48 637
63 52 9
39 1 124
34 2 216
35 41 697
7 45 699
23 56 473
58 46 480
71 68 223
52 27 901
24 59 523
39 56 65
24 40 982
14 9 276
43 46 581
49 48 537
29 15 411
8 23 450
57 42 583
27 52 132
22 48 798
36 63 786
22 29 747
9 20 32
33 15 740
47 9 431
13 19 4
64 54 919
41 46 724
66 54 183
13 11 444
52 59 816
41 26 808
36 71 384
7 72 687
35 38 527
53 1 451
72 11 535
11 23 743
72 22 572
73 63 827
38 26 456
22 10 882
67 1 251
32 12 442
33 72 304
20 36 638
69 55 797
3 69 698
9 52 659
54 3 979
20 42 183
22 8 240
25 60 238
72 16 892
15 27 922
72 22 564
48 3 938
5 31 768
60 56 532
22 18 448
20 60 636
9 46 463
57 30 78
36 43 329
56 53 366
65 25 967
14 39 202
20 39 176
59 60 912
33 47 322
46 27 956
33 67 220
12 19 847
39 71 247
46 7 136
51 50 538
26 35 648
43 68 673
25 65 23
8 16 377
38 10 870
15 2 147
27 72 125
42 43 702
33 62 511
35 33 399
19 17 559
18 58 190
47 37 487
12 3 891
55 21 742
35 3 308
39 24 773
21 31 924
9 19 47
19 36 546
5 44 301
14 33 338
14 33 661
58 61 399
24 7 972
4 16 412
66 42 66
65 53 914
17 3 432
52 13 811
37 59 217
67 57 101
54 1 68
65 14 728
38 39 692
22 20 205
33 5 760
8 58 548
3 14 183
66 25 473
34 40 498
57 9 134
35 42 976
22 32 703
23 12 231
62 49 999
64 9 481
12 61 775
54 69 689
6 23 657
18 46 382
19 67 493
34 12 144
16 36 890
20 19 604
24 44 84
30 39 497
35 22 755
34 55 167
36 62 786
43 62 855
5 42 858
11 19 307
45 28 952
31 73 848
17 59 393
62 13 203
14 68 30
8 10 252
30 39 409
11 30 950
36 20 837
15 42 244
52 51 43
42 41 500
11 54 100
37 16 136
47 34 989
3 21 373
14 61 662
59 57 55
40 6 498
31 57 122
59 9 591
36 1 459
49 56 493
43 34 533
61 8 65
41 49 614
26 23 419
1 55 364
56 25 353
39 29 575
53 52 51
69 49 211
4 36 439
63 64 737
9 56 633
1 3 573
51 65 302
16 73 170
64 7 332
60 32 218
3 50 262
27 68 77
24 47 835
58 41 234
73 28 655
68 40 664
25 51 891
56 5 151
33 45 704
13 21 670
33 47 427
60 61 494
62 31 18
23 19 158
45 59 346
26 24 697
7 71 528
44 73 293
14 54 821
30 63 599
69 57 347
18 2 220
53 8 549
38 67 711
34 8 509
23 7 825
20 14 227
47 50 60
6 70 736
1 42 925
69 58 136
70 66 649
69 68 148
34 70 665
43 66 217
26 61 538
10 62 36
27 17 513
17 5 619
15 70 781
5 27 915
54 31 91
26 20 18
67 51 605
66 12 601
63 56 876
15 45 821
11 23 837
30 53 329
44 45 676
33 50 944
52 26 149
18 12 1
48 62 903
15 45 251
20 33 887
57 61 757
32 41 780
52 63 255
61 53 873
70 12 868
43 46 78
53 64 385
40 63 63
44 52 103
60 15 698
36 24 823
52 27 660
28 10 702
41 67 728
23 6 409
61 71 814
1 21 174
50 28 621
49 27 94
22 62 540
33 47 368
46 56 229
47 17 90
29 7 331
69 4 874
37 17 689
61 17 203
3 41 712
34 64 97
22 23 385
20 60 180
21 40 939
40 12 488
45 14 671
40 39 64
53 35 483
8 59 894
63 53 141
13 27 1
24 36 553
46 34 213
55 19 676
35 40 781
9 72 946
9 23 250
35 72 874
47 52 496
50 29 667
45 18 268
3 35 274
5 33 338
32 15 159
72 25 5
18 8 237
44 53 535
12 51 524
15 37 819
10 7 662
64 37 461
69 3 223
51 24 658
33 35 696
70 46 142
27 14 781
17 2 669
2 4 320
14 56 188
52 50 223
16 41 906
29 42 27
26 5 148
2 47 829
30 15 104
46 35 562
2 32 661
56 13 332
54 66 152
28 58 937
64 54 241
65 24 827
42 1 252
14 5 588
40 35 5
33 68 842
30 32 693
2 59 512
11 10 868
49 8 608
51 24 723
69 2 71
37 26 305
60 29 482
27 28 129
7 38 119
3 56 781
52 53 154
21 72 810
29 5 537
29 53 407
35 49 24
7 45 738
41 62 13
3 5 195
66 57 581
68 30 734
72 27 23
68 30 161
35 42 243
63 7 455
14 64 854
15 36 314
2 25 365
23 73 171
72 35 245
70 16 431
5 70 765
65 72 162
4 52 922
7 27 4
71 25 346
66 70 458
21 54 461
52 43 273
59 16 211
22 71 333
32 47 764
11 12 884
4 20 612
21 25 455
16 56 880
8 1 722
22 49 561
41 62 966
65 17 649
47 72 77
47 29 675
58 47 988
55 10 449
31 37 297
33 34 741
29 28 888
34 35 660
60 55 741
67 1 279
37 60 160
39 67 647
33 21 39
73 55 112
54 41 935
40 14 275
33 73 593
63 46 560
3 55 455
66 52 780
55 58 723
6 52 509
1 59 641
57 65 707
45 38 300
39 30 28
39 29 227
17 29 901
52 29 278
45 40 437
31 17 395
4 35 190
21 28 457
9 55 919
3 47 48
36 58 613
24 21 465
32 37 564
60 21 319
17 27 659
39 43 948
73 15 92
46 15 323
22 71 848
55 37 735
6 54 776
28 31 545
29 12 535
47 19 314
1 68 35
50 60 82
54 64 384
40 18 617
61 34 971
55 12 130
47 70 385
29 1 576
28 60 803
73 49 581
47 12 602
16 63 182
36 17 504
29 55 199
19 9 573
7 22 297
21 72 140
43 37 477
38 33 922
39 19 724
59 20 575
55 72 304
3 43 157
3 39 600
64 7 347
14 44 409
12 70 475
67 1 616
36 10 772
52 67 807
44 51 136
55 72 886
37 28 379
72 9 93
7 68 939
53 1 853
18 10 52
66 19 366
15 73 178
23 42 290
26 57 359
44 6 292
68 72 768
8 21 999
19 23 209
24 68 38
72 29 732
31 18 862
73 56 927
11 43 950
18 17 357
20 12 334
57 23 353
50 36 413
5 62 137
60 46 459
53 48 878
47 36 280
38 21 998
6 35 921
41 11 773
55 18 751
9 56 985
25 44 114
62 70 690
45 31 824
60 64 7
34 11 784
7 36 868
39 56 922
58 39 203
52 23 588
14 57 674
24 66 47
17 4 284
66 54 696
35 1 185
58 18 314
54 59 278
69 32 709
40 27 154
37 47 258
73 69 742
51 30 955
44 54 73
12 35 490
47 65 319
52 43 316
41 45 8
25 52 915
14 55 987
50 22 81
6 37 842
18 1 155
57 68 929
1 55 842
18 43 90
15 31 784
39 72 669
39 67 168
22 30 181
69 47 118
65 21 253
51 23 441
16 44 953
57 38 381
42 63 879
16 29 436
69 24 455
41 7 710
68 48 562
22 32 699
22 63 191
16 27 43
28 39 471
32 68 439
54 38 567
28 33 805
71 24 591
52 28 923
70 32 675
29 71 27
72 73 613
68 9 135
11 30 843
50 58 636
36 35 57
72 7 626
22 27 19
61 10 489
48 39 547
62 68 338
27 5 377
67 46 153
14 57 242
47 43 999
31 57 408
48 3 500
31 54 415
43 71 873
12 57 879
35 18 443
73 21 242
52 13 743
38 64 259
27 66 819
64 67 919
63 13 678
30 46 63
55 19 826
57 58 8
16 43 131
30 73 873
12 45 252
37 65 198
43 72 240
31 33 853
61 6 895
26 62 572
53 7 616
14 32 18
32 13 145
39 54 469
60 44 181
62 59 947
22 58 653
54 42 899
12 36 106
30 56 80
66 23 149
65 54 754
45 53 609
57 26 74
38 21 303
56 7 883
4 1 568
70 66 832
34 7 579
71 2 828
7 65 96
30 67 545
63 8 363
32 19 60
5 41 798
59 9 229
4 46 274
44 65 344
27 6 749
69 21 567
14 58 167
15 9 525
42 72 149
26 1 846
51 45 755
39 56 956
6 10 890
62 2 306
36 43 640
31 54 412
26 40 765
32 28 228
4 58 799
25 67 623
67 19 579
65 18 389
47 29 242
42 48 945
4 25 208
8 43 193
25 21 366
20 35 988
8 33 634
60 36 670
69 20 194
41 17 91
73 38 211
23 54 783
11 23 722
48 18 799
33 25 705
65 17 865
41 9 815
60 33 861
68 16 429
39 9 645
38 22 180
20 23 205
30 29 961
29 36 292
66 42 511
28 21 823
14 15 107
66 58 125
64 25 888
55 4 754
44 18 754
48 60 961
43 27 982
47 41 170
61 56 608
54 4 300
57 38 164
73 51 946
4 25 606
72 14 430
70 19 653
30 1 101
48 37 409
46 47 41
20 15 51
33 57 275
21 3 533
70 66 934
39 3 658
56 34 858
24 12 402
45 14 975
24 1 112
24 27 708
51 60 475
67 56 844
42 20 67
54 28 91
33 5 72
13 36 987
38 21 627
65 2 372
63 6 482
19 73 764
32 53 647
24 73 432
40 14 927
1 51 104
34 7 311
58 30 69
17 55 388
18 63 446
6 50 801
16 28 746
47 72 647
71 43 458
56 22 491
54 11 39
64 26 771
19 41 802
22 49 654
14 42 774
8 63 235
32 8 392
22 46 10
1 68 178
39 2 156
19 41 473
16 22 570
7 6 37
3 6 25
6 34 499
21 49 525
41 64 47
55 31 225
12 7 880
35 32 824
28 71 47
38 41 865
38 25 240
31 63 445
43 40 750
1 57 528
27 5 654
41 71 303
54 11 806
40 61 720
17 25 219
72 33 360
3 24 645
10 13 542
58 32 809
52 39 487
29 34 931
19 4 105
69 73 399
71 18 162
30 9 886
42 57 582
9 13 799
25 17 680
5 61 668
55 16 135
59 2 823
43 46 183
3 9 787
21 70 93
26 55 963
31 70 498
54 71 935
8 57 76
24 7 341
47 20 505
65 10 868
14 72 421
53 71 294
63 66 83
60 10 718
50 66 378
39 19 456
32 50 12
54 6 403
11 22 145
44 35 187
10 41 978
11 13 368
17 31 673
18 60 968
14 40 154
25 33 121
35 22 564
54 70 739
38 66 999
23 69 556
36 15 553
35 8 730
63 37 280
61 19 69
45 27 941
9 33 977
28 57 424
18 54 430
62 33 772
51 39 246
72 57 739
31 67 254
7 66 357
48 45 666
62 61 296
36 34 712
5 69 275
72 54 68
56 68 222
44 39 377
4 45 543
65 68 373
39 10 280
20 60 393
32 71 670
19 39 143
45 43 549
15 42 398
68 49 297
30 45 549
30 61 208
2 7 910
44 73 854
28 6 605
57 8 642
45 16 694
52 19 99
48 62 100
28 70 276
73 10 234
69 67 829
39 47 561
30 56 792
36 64 627
60 38 276
1 46 652
59 47 710
50 57 644
58 16 103
11 19 596
71 56 43
34 72 609
64 10 818
58 20 640
9 8 979
46 32 931
10 17 563
6 41 887
61 27 368
42 31 320
9 42 109
23 22 879
56 46 772
44 34 119
47 57 686
63 25 817
26 39 997
5 8 328
63 32 962
40 45 631
57 72 614
64 73 472
18 22 64
1 47 712
70 32 864
23 60 29
25 47 620
61 1 682
35 43 273
1 70 527
67 20 820
21 8 185
22 5 796
13 39 832
67 68 433
51 7 330
27 55 690
36 58 203
43 12 250
25 34 923
50 19 9
72 26 90
1 40 284
18 9 700
61 56 75
21 14 901
27 25 927
2 35 503
23 38 539
18 57 153
46 28 81
39 20 883
34 3 306
26 68 813
31 14 514
23 55 590
34 12 183
52 56 28
41 1 583
41 55 578
8 20 951
65 1 208
65 30 729
6 5 668
39 14 444
31 72 403
4 37 74
36 33 263
16 50 56
18 7 871
66 21 870
44 12 946
42 32 331
21 42 963
58 52 439
21 32 21
7 53 833
51 33 886
9 39 702
44 41 487
22 28 274
67 71 396
57 20 957
62 18 43
21 8 677
30 43 470
1 15 430
4 8 821
29 65 916
41 6 570
59 73 822
9 12 22
63 4 513
34 54 210
67 11 563
61 51 790
19 21 140
33 53 509
63 64 395
21 72 248
12 52 793
48 51 605
15 35 481
35 34 815
73 45 581
68 26 612
71 58 167
31 69 979
51 15 967
68 60 482
31 63 808
52 72 661
64 18 42
49 26 639
21 43 459
66 1 519
27 39 722
18 14 935
40 30 694
47 65 681
36 44 775
33 57 227
56 47 38
54 14 654
11 18 635
40 56 454
9 67 780
48 36 762
63 50 85
39 65 325
30 32 479
73 57 764
70 2 544
33 56 837
41 26 728
22 21 227
72 57 675
46 24 42
24 4 812
13 9 237
29 23 434
58 25 182
33 17 892
14 13 291
29 66 81
42 56 385
44 38 474
35 1 122
64 48 791
66 63 311
44 34 241
25 72 288
64 66 406
24 66 759
11 32 214
54 62 841
51 4 822
13 55 204
54 68 217
63 9 371
41 54 87
31 17 624
58 19 482
68 14 22
19 52 44
63 4 487
43 10 899
55 19 248
6 33 519
44 2 178
5 52 930
34 8 611
8 73 302
38 30 689
39 16 791
45 51 159
31 59 904
21 65 451
38 1 829
28 5 817
35 64 221
16 21 435
40 34 124
33 42 329
36 30 669
10 52 290
40 27 590
24 15 242
67 45 278
2 15 130
42 54 62
21 3 343
31 54 194
68 48 205
10 12 707
54 8 401
67 70 612
9 29 618
71 5 808
8 42 113
4 68 312
63 58 333
20 18 370
69 54 594
73 71 371
23 43 237
5 50 963
18 39 915
31 69 478
39 33 656
32 44 816
19 47 724
56 69 954
20 3 871
29 6 851
55 16 418
14 11 398
67 72 439
47 2 548
72 39 668
60 32 966
65 27 755
72 39 172
47 48 539
54 62 999
7 3 480
2 5 17
52 42 346
40 55 312
59 22 978
63 18 978
63 38 716
46 31 498
55 33 379
24 7 32
58 7 343
8 67 344
49 65 58
53 60 506
39 64 820
42 48 90
63 59 579
