1000 500
228 285
144 240
308 396
320 400
316 395
1067 1261
30 45
440 520
210 350
224 288
6 10
108 135
35 45
539 693
759 897
288 360
120 200
208 260
28 35
56 70
924 1092
104 130
287 369
132 165
279 465
616 792
165 195
264 312
270 450
282 470
296 370
159 265
189 315
27 45
237 395
344 430
166 249
164 205
623 801
1100 1300
75 125
300 500
70 90
192 320
38 57
231 385
627 741
52 65
126 162
141 235
126 210
102 170
68 85
161 207
8 12
609 783
484 572
231 297
154 182
128 192
825 975
176 208
48 60
1089 1287
129 215
119 153
288 480
106 159
172 258
350 450
196 252
40 60
260 325
238 306
140 180
140 175
448 576
686 882
60 75
469 603
88 110
147 189
55 65
20 25
156 195
553 711
182 234
182 273
364 468
418 494
644 828
204 255
86 129
304 380
14 21
54 81
495 585
297 495
880 1040
168 280
128 160
96 144
220 260
142 213
40 50
682 806
248 310
54 90
12 20
28 36
84 140
165 275
116 145
385 455
198 330
979 1157
483 621
506 598
118 177
110 165
100 125
1045 1235
133 171
108 162
178 267
154 198
8 10
44 52
36 54
177 295
968 1144
196 245
396 468
96 160
336 432
175 225
246 410
132 198
21 27
72 108
144 216
847 1001
143 169
184 276
737 871
672 864
46 69
87 145
136 170
630 810
272 340
455 585
637 819
869 1027
285 475
213 355
48 72
132 156
12 18
372 465
24 40
60 90
268 335
356 445
156 234
99 117
605 715
574 738
114 190
581 747
183 305
429 507
267 445
588 756
16 24
384 480
264 330
96 120
406 522
665 855
567 729
176 220
572 676
200 300
273 455
138 207
174 290
76 95
24 36
28 42
21 35
63 81
62 93
172 215
164 246
184 230
671 793
294 490
105 175
209 247
48 80
36 45
232 290
201 335
748 884
224 280
297 351
1078 1274
324 405
198 234
144 180
284 355
252 315
198 297
148 222
420 540
33 39
392 490
913 1079
595 765
770 910
319 377
58 87
150 250
72 90
990 1170
2 3
168 210
176 264
105 135
490 630
69 115
15 25
340 425
154 231
602 774
207 345
76 114
124 186
7 9
22 26
146 219
64 96
100 150
407 481
392 504
30 50
39 65
158 237
660 780
90 135
217 279
352 416
111 185
957 1131
638 754
104 156
388 485
98 147
400 500
152 228
374 442
44 66
360 450
315 405
170 255
280 350
26 39
120 150
10 15
168 216
36 60
225 375
504 648
518 666
399 513
261 435
704 832
385 495
171 285
264 440
34 51
42 54
33 55
292 365
276 345
434 558
147 245
99 165
70 105
60 100
188 282
511 657
138 230
649 767
451 533
441 567
32 40
160 240
11 13
376 470
560 720
68 102
1023 1209
88 104
312 390
50 75
112 144
240 300
45 75
300 375
322 414
371 477
196 294
836 988
186 310
236 295
363 429
6 9
679 873
693 819
192 288
14 18
308 385
64 80
242 286
77 99
66 110
219 365
162 243
715 845
18 27
294 378
781 923
49 63
258 430
187 221
594 702
946 1118
78 117
539 637
1001 1183
462 594
497 639
180 270
550 650
84 126
44 55
583 689
20 30
1056 1248
240 400
352 440
57 95
364 455
216 360
56 72
301 387
328 410
32 48
116 174
220 275
378 486
253 299
121 143
280 360
222 370
273 351
891 1053
252 420
84 108
78 130
357 459
56 84
152 190
525 675
380 475
308 364
12 15
902 1066
168 252
140 210
255 425
123 205
341 403
114 171
174 261
726 858
93 155
700 900
124 155
63 105
188 235
935 1105
336 420
74 111
200 250
22 33
91 117
616 728
368 460
162 270
9 15
231 273
112 168
80 120
473 559
252 324
216 270
88 132
858 1014
814 962
228 380
153 255
4 6
80 100
134 201
1034 1222
803 949
94 141
413 531
651 837
150 225
92 138
135 225
276 460
84 105
332 415
792 936
275 325
92 115
234 390
546 702
180 225
517 611
256 320
212 265
286 338
3 5
4 5
343 441
245 315
528 624
532 684
130 195
112 140
1012 1196
190 285
24 30
693 891
195 325
561 663
192 240
52 78
244 305
210 270
396 495
77 91
194 291
462 546
291 485
90 150
122 183
249 415
148 185
42 70
156 260
66 99
82 123
329 423
189 243
132 220
203 261
136 204
108 180
204 340
110 130
42 63
51 85
18 30
658 846
117 195
330 390
66 78
259 333
120 180
72 120
102 153
243 405
126 189
160 200
427 549
180 300
348 435
476 612
186 279
16 20
98 126
266 342
81 135
