1000 1000
991 892
353 898
959 3
84 369
747 561
794 292
594 259
319 347
375 69
542 196
321 824
195 73
53 998
875 541
706 727
883 509
699 953
867 233
496 325
956 703
480 146
557 751
575 776
717 666
763 827
663 259
565 343
11 564
270 570
604 410
305 905
317 83
389 292
705 536
855 25
428 148
826 785
989 8
861 641
469 718
16 903
699 656
805 237
352 383
764 110
448 318
293 331
273 120
150 665
277 772
780 594
549 93
53 438
467 805
671 345
556 46
193 321
664 298
658 80
35 290
669 810
55 907
307 270
407 409
637 522
729 526
304 531
351 917
519 309
31 817
9 809
990 979
902 25
677 668
674 514
187 930
591 57
747 61
89 638
328 956
399 99
222 395
269 45
526 833
978 977
351 359
647 476
527 242
696 845
457 901
721 255
82 383
743 382
366 122
749 376
701 463
359 343
551 39
124 479
249 198
902 567
751 614
925 461
87 560
887 14
549 672
297 867
959 512
576 52
552 718
807 682
253 180
531 509
691 7
809 218
652 986
826 798
440 452
156 437
107 676
442 211
455 275
51 586
738 944
34 572
908 67
601 21
470 64
704 256
976 530
187 908
783 389
147 171
475 360
123 436
241 829
653 312
184 244
109 11
473 720
956 526
569 337
464 372
625 960
360 978
289 1000
541 849
369 553
455 226
625 923
792 397
863 677
9 98
973 135
611 984
762 422
259 795
425 908
698 460
505 149
317 270
695 807
140 767
253 384
910 381
780 722
126 861
136 818
174 560
101 430
701 857
217 416
30 368
995 241
78 910
855 634
675 207
196 80
968 64
839 692
841 327
92 109
229 352
60 964
585 572
829 981
376 304
399 102
507 83
631 341
474 279
434 10
276 44
734 772
602 328
23 917
69 351
677 472
487 704
31 838
511 614
417 529
57 875
528 612
149 513
485 879
950 916
270 266
66 232
720 555
115 74
363 338
929 878
222 26
33 168
645 312
421 545
486 914
604 394
663 866
103 445
655 297
121 135
114 973
58 762
517 36
336 133
321 135
289 220
65 711
27 117
799 445
858 772
908 656
135 996
817 238
329 969
468 514
970 898
588 165
736 513
351 55
950 566
566 681
791 935
995 26
457 586
103 255
771 867
166 689
819 958
80 627
749 194
449 420
703 738
868 206
456 35
514 206
392 501
208 878
918 135
964 493
879 856
721 446
903 685
489 770
377 704
162 81
447 770
840 243
249 202
755 451
361 164
95 936
243 852
578 453
206 722
985 419
647 857
686 573
994 24
808 508
684 601
346 149
772 734
616 660
712 977
99 845
342 154
9 447
988 689
759 993
60 156
89 748
36 442
699 790
108 638
456 101
382 393
310 503
449 823
759 992
318 795
540 993
967 943
668 154
734 212
664 626
800 448
205 579
746 538
479 146
335 607
882 593
612 21
822 406
548 863
646 823
648 214
690 906
195 577
171 355
135 700
843 71
831 804
1 729
570 599
708 339
260 600
833 982
301 328
776 924
817 511
127 523
35 769
445 580
966 80
478 350
633 721
651 616
617 78
255 547
788 388
688 899
141 313
670 461
409 267
488 894
298 772
736 229
341 91
676 834
282 276
205 674
634 92
508 914
576 703
979 901
435 98
997 179
778 141
406 74
881 263
848 872
354 360
135 788
591 93
465 4
500 76
918 302
990 431
473 531
377 808
471 56
178 782
119 861
520 411
520 130
871 500
829 274
631 612
828 606
291 952
737 161
164 545
892 843
572 544
382 168
502 612
309 335
233 547
457 851
471 163
317 102
381 241
961 647
468 695
773 854
849 529
243 417
554 618
323 650
867 330
104 921
449 506
470 844
845 874
993 685
727 848
401 95
408 542
261 549
321 916
927 710
983 969
55 911
292 869
773 989
172 289
315 837
367 389
447 706
666 556
431 231
808 911
581 636
914 691
453 968
561 723
370 143
625 867
278 494
156 812
286 551
588 822
452 313
768 513
440 458
706 569
572 960
551 238
98 51
895 439
117 458
303 351
362 405
696 136
670 658
111 821
87 373
387 806
917 567
837 639
557 461
9 985
263 948
992 832
893 622
117 366
658 573
474 947
916 970
927 445
52 431
228 706
991 503
108 554
117 882
818 253
546 681
70 502
711 924
249 851
62 987
814 192
49 826
899 739
238 128
872 803
542 890
267 132
67 90
978 135
188 571
260 508
878 925
365 285
928 431
343 749
683 243
796 931
789 422
527 702
480 106
989 740
373 978
970 683
82 902
150 845
185 850
179 370
18 193
450 571
685 79
464 137
472 945
339 474
89 864
530 2
238 257
381 284
25 945
819 508
473 334
973 419
357 96
677 37
428 634
271 11
727 950
264 304
598 288
751 769
214 945
162 194
459 495
465 680
478 928
626 859
277 934
606 390
784 204
721 57
619 270
334 659
694 576
892 275
349 250
564 322
304 1
923 333
60 776
312 302
428 248
223 191
457 513
917 430
823 787
102 380
428 870
617 908
525 326
410 41
405 743
475 228
119 378
126 967
746 993
817 367
575 572
138 221
743 219
5 415
825 696
547 774
175 345
819 292
280 86
379 84
989 817
115 844
133 621
452 899
887 257
664 277
617 560
546 224
777 482
482 240
407 386
57 307
636 855
728 64
160 738
272 318
440 929
297 183
166 250
452 276
544 901
722 771
359 231
600 13
624 199
181 860
867 635
506 122
573 577
115 859
482 248
78 731
592 976
842 637
300 618
290 459
536 623
481 436
275 934
970 145
535 605
593 87
742 212
620 112
863 591
40 723
639 425
837 956
932 14
939 673
710 718
38 169
941 379
670 231
560 934
512 210
503 357
951 663
419 954
196 726
719 939
951 966
572 390
749 268
959 763
37 699
576 861
590 979
663 430
571 87
114 364
711 846
840 377
397 159
401 378
176 185
314 650
448 673
936 995
449 355
52 11
826 599
240 936
373 405
270 179
931 184
142 500
788 365
427 689
939 351
971 778
862 541
787 702
766 106
885 57
689 592
809 489
59 720
343 375
650 873
476 632
453 777
466 957
31 258
216 436
254 335
605 843
243 61
119 829
804 849
776 514
900 305
121 930
956 821
49 737
236 950
344 106
953 948
152 226
816 35
66 485
336 252
633 825
18 671
20 416
471 95
796 676
759 165
83 423
623 862
226 280
434 996
724 585
634 318
854 803
572 290
985 594
753 996
327 36
632 668
201 251
241 349
883 149
74 422
887 354
627 936
933 227
535 313
775 247
2 379
95 416
596 551
316 338
419 827
429 349
403 229
543 930
80 655
418 461
323 137
968 163
912 770
561 330
150 84
315 793
670 851
241 375
584 150
77 209
537 89
783 137
479 878
78 758
914 16
755 943
311 307
540 524
283 674
749 447
625 743
420 816
631 962
726 931
111 156
97 819
602 396
429 716
157 808
387 814
502 123
410 232
834 252
303 697
400 313
614 499
136 300
821 460
396 134
412 714
385 644
757 638
641 366
596 627
550 194
428 867
666 149
60 895
862 267
219 206
657 686
675 413
7 539
781 781
542 181
160 992
964 412
260 884
333 58
491 297
229 235
451 521
321 53
595 74
943 42
339 733
596 914
492 672
141 795
725 632
999 905
273 55
410 432
355 156
711 644
976 531
129 557
961 859
260 52
71 29
176 190
402 231
79 352
771 1
286 920
754 672
612 452
439 631
591 526
949 620
534 920
713 719
757 601
854 563
116 418
838 278
453 224
160 703
123 444
478 25
802 419
911 634
360 670
431 747
868 42
4 879
657 478
847 757
766 902
634 485
198 797
805 754
206 61
273 253
95 22
431 848
998 260
230 958
714 848
349 794
798 985
400 755
837 164
20 447
632 804
703 888
683 908
756 302
747 389
397 592
842 437
790 47
709 317
719 500
719 524
768 562
105 947
474 487
826 672
389 399
638 194
102 447
961 541
861 641
741 809
717 882
554 192
283 782
515 487
426 960
113 438
585 551
683 349
415 230
826 929
975 353
698 763
290 613
73 925
727 783
123 145
580 433
129 963
561 931
139 955
512 122
474 746
509 7
141 805
764 741
809 376
245 305
722 957
748 17
263 330
110 102
937 885
635 60
267 551
279 201
868 521
320 856
451 427
958 139
480 884
325 820
326 287
487 803
385 238
241 964
96 734
58 881
513 447
497 352
996 614
167 37
467 438
875 592
837 696
706 176
155 754
215 875
343 732
92 964
536 875
196 422
976 399
452 466
804 430
767 224
781 95
68 462
100 913
858 781
329 883
769 895
524 721
183 684
49 234
962 68
70 192
331 128
192 495
371 597
549 94
966 826
680 733
287 749
788 802
852 577
298 895
180 604
543 974
909 732
633 809
854 117
624 40
215 523
458 926
210 433
128 865
958 827
870 635
330 257
498 140
627 596
555 726
195 28
704 251
554 953
880 285
883 842
496 962
452 407
78 268
737 451
779 459
108 56
191 169
939 922
186 71
988 23
68 649
435 17
385 692
921 632
930 198
167 16
744 975
838 783
421 408
460 228
